375 114 43.0
24 667 10.0
395 24 28.0
738 786 2.0
743 271 21.0
429 462 12.0
618 809 2.0
453 1005 4.0
503 435 1.0
570 16 1.0
605 1005 3.0
649 650 4.0
17 150 2.0
734 884 5.0
1009 114 43.0
608 94 4.0
24 43 12.0
348 31 2.0
52 215 3.0
506 226 22.0
128 824 2.0
853 1005 11.0
797 475 14.0
764 114 33.0
659 971 3.0
543 721 2.0
995 114 36.0
408 24 58.0
643 485 1.0
747 24 31.0
448 731 130.0
629 832 8.0
639 484 2.0
448 406 168.0
883 787 3.0
860 832 16.0
614 440 11.0
570 678 1.0
117 771 19.0
408 485 17.0
271 24 23.0
903 462 5.0
358 750 7.0
629 179 2.0
580 1026 2.0
1009 954 7.0
749 475 4.0
194 475 28.0
239 384 2.0
904 258 8.0
114 764 64.0
213 359 4.0
225 326 2.0
764 574 30.0
24 395 15.0
181 1005 5.0
138 971 11.0
988 47 53.0
435 114 6.0
709 113 2.0
63 668 1.0
114 568 9.0
832 475 52.0
87 114 1.0
114 341 15.0
433 777 2.0
370 784 4.0
988 24 25.0
678 542 4.0
779 968 11.0
353 293 5.0
709 735 5.0
150 475 6.0
416 114 4.0
939 803 2.0
24 271 58.0
24 870 42.0
535 1009 1.0
362 799 17.0
969 774 10.0
395 110 8.0
627 114 3.0
1006 501 8.0
294 668 3.0
682 116 6.0
183 246 54.0
271 613 8.0
895 971 8.0
466 24 12.0
616 209 4.0
1001 114 19.0
622 678 5.0
377 408 3.0
147 87 8.0
698 1009 1.0
114 91 5.0
120 675 8.0
156 114 1.0
225 472 30.0
702 1041 2.0
232 353 12.0
67 1009 3.0
293 353 28.0
160 595 3.0
348 330 1.0
433 764 1.0
198 532 3.0
136 1005 9.0
114 990 20.0
1036 948 31.0
779 341 12.0
447 129 2.0
260 646 2.0
911 114 2.0
1029 421 1.0
895 903 4.0
870 24 23.0
24 47 8.0
225 114 75.0
114 475 101.0
857 524 2.0
90 161 62.0
399 114 11.0
448 1069 15.0
242 114 36.0
607 505 17.0
879 114 3.0
637 262 1.0
149 462 1.0
870 271 4.0
936 114 14.0
815 764 14.0
903 476 9.0
585 903 2.0
367 24 38.0
792 161 16.0
518 110 8.0
293 958 9.0
222 812 5.0
225 779 21.0
95 110 2.0
24 489 9.0
924 1041 2.0
562 903 1.0
1035 836 30.0
563 208 31.0
1059 54 4.0
794 809 2.0
162 485 5.0
353 345 4.0
139 1009 3.0
551 194 7.0
161 793 41.0
528 1034 1.0
194 1070 3.0
657 936 2.0
232 34 4.0
11 938 2.0
379 76 3.0
608 971 5.0
751 641 1.0
1035 94 3.0
119 436 9.0
720 397 3.0
954 114 13.0
448 841 3.0
738 716 1.0
48 1013 3.0
128 475 22.0
674 830 4.0
916 574 3.0
614 881 8.0
72 114 2.0
832 304 2.0
24 299 2.0
540 573 12.0
691 475 30.0
4 1034 1.0
1030 353 13.0
117 788 2.0
222 573 36.0
24 179 3.0
885 812 6.0
85 353 2.0
432 475 2.0
316 34 10.0
722 903 6.0
826 114 5.0
114 723 2.0
682 353 8.0
340 358 8.0
473 52 7.0
189 971 4.0
725 44 2.0
505 232 2.0
763 952 6.0
189 647 2.0
805 21 1.0
1087 24 28.0
299 790 2.0
334 1041 1.0
138 1005 5.0
764 568 20.0
408 764 42.0
141 220 4.0
764 485 101.0
232 408 2.0
114 194 38.0
27 187 2.0
712 24 5.0
141 545 1.0
429 620 1.0
370 330 5.0
240 480 1.0
1036 774 38.0
720 1009 1.0
408 747 7.0
335 114 5.0
435 443 2.0
24 210 1.0
574 764 2.0
60 114 9.0
344 42 1.0
485 122 4.0
552 114 7.0
433 985 1.0
866 116 3.0
673 971 6.0
881 468 1.0
232 424 3.0
485 1051 49.0
324 24 33.0
945 1041 1.0
114 832 15.0
152 777 1.0
310 179 1.0
847 839 1.0
412 804 3.0
82 313 8.0
513 1052 4.0
720 1048 4.0
543 1009 4.0
866 568 1.0
870 839 3.0
21 486 2.0
136 262 1.0
232 201 11.0
328 647 21.0
744 961 1.0
485 179 12.0
747 353 10.0
568 194 2.0
511 33 2.0
1078 114 46.0
764 341 10.0
594 316 16.0
232 116 11.0
485 948 6.0
1036 216 6.0
114 102 2.0
353 114 55.0
1084 820 5.0
232 764 6.0
871 889 9.0
729 788 3.0
583 114 8.0
265 485 3.0
24 485 240.0
232 1060 1.0
359 148 1.0
194 114 15.0
691 271 41.0
667 1039 2.0
485 258 14.0
152 664 3.0
153 112 4.0
432 948 28.0
293 433 6.0
161 792 74.0
170 475 4.0
1035 1034 6.0
506 114 24.0
1058 475 8.0
397 118 2.0
832 542 6.0
512 292 2.0
353 116 2.0
177 114 55.0
994 485 1.0
32 114 5.0
271 870 9.0
1067 353 3.0
1084 1014 7.0
1030 392 2.0
427 985 8.0
577 278 1.0
501 429 7.0
823 953 4.0
49 246 36.0
686 436 5.0
462 836 8.0
24 106 2.0
622 752 2.0
352 276 28.0
896 114 6.0
485 790 3.0
57 179 1.0
858 475 2.0
340 763 31.0
1027 985 3.0
607 128 6.0
295 19 2.0
309 581 1.0
911 311 9.0
13 344 8.0
271 485 43.0
444 475 16.0
826 475 36.0
573 764 8.0
694 447 2.0
597 1044 1.0
353 533 1.0
340 1020 2.0
999 764 2.0
513 264 2.0
225 594 16.0
689 48 25.0
682 475 4.0
408 815 22.0
1006 1043 54.0
23 19 2.0
1001 648 8.0
235 655 3.0
764 128 16.0
232 809 31.0
522 475 4.0
678 353 6.0
370 1019 2.0
1002 490 3.0
1009 162 3.0
432 774 6.0
306 166 3.0
268 1006 8.0
237 647 1.0
821 475 2.0
809 194 5.0
979 232 10.0
79 1034 1.0
660 578 13.0
235 87 11.0
774 948 14.0
847 641 1.0
916 353 12.0
596 87 6.0
203 485 2.0
333 675 10.0
194 985 12.0
539 899 2.0
102 43 1.0
589 570 9.0
397 270 1.0
1009 733 1.0
962 475 6.0
103 87 11.0
573 606 4.0
941 101 6.0
571 309 3.0
232 114 29.0
757 1005 5.0
353 678 6.0
511 422 2.0
148 812 1.0
299 24 2.0
573 796 3.0
612 155 3.0
639 355 4.0
610 112 1.0
457 936 6.0
919 507 8.0
383 433 3.0
954 889 6.0
480 560 1.0
353 768 1.0
194 427 2.0
1018 24 3.0
49 140 2.0
523 995 8.0
953 823 3.0
68 355 5.0
682 55 3.0
316 114 1.0
401 856 3.0
114 293 2.0
412 521 1.0
591 94 6.0
118 715 1.0
586 639 3.0
408 266 13.0
1003 24 22.0
832 804 2.0
307 817 6.0
1050 717 4.0
725 485 33.0
392 1030 6.0
519 135 2.0
139 985 3.0
33 809 3.0
485 555 7.0
414 475 2.0
174 822 1.0
845 574 1.0
448 528 3.0
518 210 2.0
260 475 14.0
682 114 14.0
128 137 3.0
832 113 20.0
595 832 2.0
19 475 10.0
330 150 3.0
1045 485 2.0
623 395 2.0
1030 759 7.0
779 726 3.0
779 114 22.0
722 1050 29.0
218 395 14.0
117 114 5.0
1035 325 8.0
438 786 2.0
114 985 9.0
211 171 1.0
429 268 10.0
779 1048 13.0
725 764 20.0
128 222 2.0
395 870 2.0
117 475 10.0
861 631 3.0
763 1020 8.0
294 302 7.0
543 58 2.0
485 456 9.0
445 809 18.0
502 1027 2.0
27 1044 4.0
753 114 27.0
522 812 2.0
90 793 62.0
331 94 3.0
377 574 2.0
1069 355 6.0
733 1044 2.0
903 836 10.0
183 49 3.0
255 741 1.0
682 779 10.0
665 353 1.0
487 1030 11.0
26 1001 1.0
294 408 1.0
225 353 8.0
886 762 3.0
936 657 2.0
568 1047 3.0
434 113 2.0
515 232 30.0
260 821 2.0
270 764 1.0
813 475 2.0
48 475 14.0
951 619 1.0
851 114 1.0
268 971 4.0
226 496 1.0
116 316 15.0
448 946 14.0
486 179 3.0
24 727 11.0
114 834 9.0
429 1034 4.0
397 353 5.0
814 809 13.0
232 678 12.0
549 484 13.0
448 363 2.0
1009 373 9.0
302 485 4.0
353 408 55.0
1005 363 10.0
334 114 1.0
348 492 1.0
194 128 7.0
194 568 8.0
93 114 5.0
639 429 20.0
128 114 3.0
817 865 7.0
743 1004 27.0
840 153 3.0
1006 283 5.0
577 114 10.0
1009 1058 6.0
150 67 2.0
408 350 1.0
632 114 6.0
408 745 1.0
515 116 5.0
971 1005 14.0
485 358 2.0
348 813 18.0
258 538 4.0
1014 1074 79.0
867 114 2.0
353 433 11.0
587 114 2.0
667 24 5.0
870 485 5.0
485 804 8.0
56 1085 1.0
90 890 6.0
934 490 2.0
870 475 8.0
353 413 9.0
825 114 1.0
832 274 3.0
766 1005 5.0
1027 1009 1.0
1003 727 4.0
1002 15 3.0
139 128 3.0
764 353 16.0
747 485 3.0
119 6 4.0
268 903 25.0
903 484 3.0
747 300 3.0
903 406 3.0
395 485 4.0
213 668 2.0
120 353 2.0
861 1034 4.0
551 699 2.0
359 747 2.0
141 475 2.0
868 1005 5.0
19 68 2.0
378 295 4.0
832 114 67.0
797 48 2.0
764 475 32.0
225 937 2.0
24 1003 23.0
314 124 1.0
1084 578 13.0
222 353 1.0
546 114 4.0
390 429 3.0
24 644 1.0
679 678 4.0
353 574 3.0
448 136 3.0
218 668 2.0
166 1041 1.0
643 996 1.0
854 958 17.0
1035 484 5.0
608 659 1.0
126 803 1.0
601 611 1.0
403 114 27.0
1077 87 9.0
109 971 3.0
293 19 4.0
194 818 4.0
408 638 8.0
448 585 3.0
143 764 5.0
591 355 7.0
697 249 2.0
268 647 3.0
248 445 4.0
484 836 2.0
858 29 2.0
271 233 22.0
162 24 126.0
879 809 2.0
242 475 2.0
375 212 1.0
47 24 23.0
946 706 49.0
136 355 1.0
485 839 4.0
1035 393 12.0
397 114 14.0
257 114 2.0
114 59 3.0
24 958 6.0
256 153 1.0
422 194 1.0
779 475 2.0
824 573 46.0
38 114 2.0
424 422 9.0
637 557 2.0
293 520 2.0
369 475 2.0
1035 853 1.0
608 1035 7.0
607 812 4.0
826 353 3.0
408 353 11.0
330 114 18.0
630 717 1.0
374 150 3.0
448 981 6.0
1069 647 7.0
872 935 1.0
1027 1079 1.0
232 568 8.0
690 1043 1.0
853 639 3.0
524 475 4.0
570 985 3.0
408 498 5.0
233 839 3.0
307 194 2.0
743 485 1.0
235 114 16.0
225 194 2.0
815 475 14.0
643 839 1.0
365 353 1.0
832 194 8.0
854 520 4.0
513 47 14.0
1087 985 2.0
331 903 8.0
147 269 3.0
451 289 4.0
573 812 9.0
271 1004 28.0
868 328 2.0
764 421 1.0
599 910 4.0
659 585 1.0
603 568 2.0
954 232 31.0
447 226 3.0
660 1074 2.0
991 971 1.0
331 268 1.0
643 271 2.0
318 348 5.0
581 146 4.0
642 647 13.0
411 485 4.0
395 980 1.0
27 210 3.0
961 124 22.0
811 114 1.0
845 809 1.0
585 1005 5.0
757 903 1.0
919 770 2.0
19 254 16.0
570 341 1.0
829 797 3.0
867 24 7.0
438 194 5.0
691 839 18.0
647 1006 1.0
479 128 6.0
67 629 2.0
786 114 9.0
973 1020 8.0
824 485 13.0
797 469 4.0
162 985 4.0
832 860 14.0
995 436 4.0
745 130 8.0
268 836 16.0
67 535 1.0
348 830 1.0
888 194 1.0
111 812 4.0
501 355 18.0
576 447 13.0
513 210 4.0
186 296 2.0
114 179 6.0
1035 695 4.0
335 226 2.0
435 621 2.0
13 478 1.0
747 1009 6.0
832 786 20.0
24 475 48.0
492 179 9.0
764 573 3.0
21 709 4.0
225 968 3.0
485 88 9.0
90 703 47.0
232 551 17.0
181 971 25.0
395 475 2.0
668 485 6.0
305 581 1.0
370 545 1.0
632 353 4.0
11 114 30.0
868 94 3.0
47 300 5.0
390 254 8.0
513 395 22.0
150 629 10.0
330 370 8.0
745 114 16.0
75 179 1.0
915 234 26.0
1031 128 4.0
24 336 6.0
381 475 6.0
923 185 1.0
19 668 1.0
1001 1009 15.0
374 629 2.0
181 1043 5.0
478 238 1.0
457 506 8.0
113 733 1.0
603 475 6.0
213 232 2.0
969 1036 2.0
808 614 6.0
653 114 5.0
638 344 40.0
861 155 4.0
911 429 3.0
1022 551 10.0
23 87 16.0
751 293 5.0
268 1043 4.0
575 413 3.0
709 475 2.0
307 551 13.0
114 518 3.0
638 114 61.0
265 574 2.0
119 114 80.0
481 395 9.0
845 128 2.0
677 964 4.0
608 612 6.0
1036 750 23.0
1009 518 4.0
114 128 12.0
1016 1013 1.0
809 128 11.0
583 809 5.0
24 816 6.0
268 429 20.0
838 353 1.0
353 1009 6.0
954 515 3.0
448 1007 3.0
1036 421 14.0
19 429 7.0
532 806 9.0
321 353 3.0
292 764 2.0
785 353 3.0
691 24 2.0
625 894 1.0
937 475 2.0
42 1009 1.0
397 226 15.0
68 861 1.0
152 353 1.0
189 903 1.0
572 353 1.0
589 678 12.0
608 761 2.0
730 475 4.0
459 530 1.0
513 88 6.0
812 889 15.0
1001 692 2.0
584 587 4.0
797 34 8.0
513 48 6.0
962 1064 3.0
940 917 2.0
424 809 7.0
854 641 1.0
515 551 5.0
232 18 1.0
413 803 2.0
89 1009 1.0
834 475 10.0
150 545 1.0
89 114 6.0
832 378 9.0
91 158 1.0
415 764 1.0
1046 568 2.0
370 803 1.0
232 511 3.0
868 387 3.0
408 1087 2.0
448 423 3.0
682 747 1.0
83 450 4.0
587 771 6.0
953 475 12.0
114 876 2.0
6 114 13.0
495 713 4.0
116 477 2.0
861 1005 8.0
1006 647 8.0
764 1009 14.0
709 805 1.0
779 19 8.0
449 1005 4.0
117 678 17.0
906 1009 4.0
91 63 6.0
353 420 6.0
577 249 9.0
1005 301 3.0
547 330 4.0
453 1034 3.0
340 705 7.0
232 350 1.0
114 274 5.0
18 809 3.0
627 764 2.0
589 679 25.0
981 1034 1.0
840 1009 2.0
1009 998 3.0
341 475 10.0
720 353 4.0
832 953 5.0
487 353 3.0
150 194 2.0
1088 490 4.0
691 1004 97.0
722 462 6.0
401 475 22.0
377 294 7.0
986 820 2.0
128 201 3.0
233 475 6.0
134 408 1.0
399 226 10.0
55 682 6.0
1050 497 10.0
453 501 1.0
681 1008 4.0
826 518 1.0
232 645 2.0
545 475 8.0
674 153 1.0
128 849 4.0
690 268 1.0
103 114 7.0
543 114 15.0
698 114 7.0
683 348 1.0
114 1009 35.0
539 66 2.0
832 688 1.0
867 531 2.0
394 1005 4.0
1024 114 3.0
927 24 16.0
594 34 1.0
433 1041 21.0
622 929 1.0
102 475 3.0
730 211 3.0
370 348 7.0
768 475 6.0
1036 800 2.0
136 259 1.0
448 925 1.0
118 1009 1.0
55 353 2.0
460 716 1.0
1011 1020 8.0
68 429 7.0
577 677 6.0
988 271 7.0
1069 1005 4.0
549 903 4.0
473 475 12.0
188 783 2.0
1081 957 1.0
613 485 5.0
799 114 8.0
128 194 12.0
980 668 2.0
513 518 5.0
1059 941 3.0
689 114 42.0
551 114 3.0
4 328 2.0
1001 475 16.0
143 128 7.0
348 114 5.0
232 475 8.0
367 271 16.0
541 461 6.0
180 475 4.0
647 836 52.0
988 162 1.0
160 475 4.0
1051 750 7.0
610 114 3.0
1081 433 1.0
195 764 1.0
680 961 2.0
924 777 1.0
513 110 2.0
75 368 4.0
479 573 17.0
829 475 10.0
88 475 6.0
527 258 9.0
622 864 1.0
255 36 2.0
614 430 12.0
128 353 3.0
763 604 3.0
631 1034 2.0
109 1005 5.0
127 334 2.0
187 475 4.0
464 641 28.0
448 991 3.0
1078 711 2.0
119 211 3.0
114 829 2.0
979 193 4.0
232 113 2.0
107 475 4.0
766 836 6.0
114 779 2.0
749 1009 2.0
720 319 1.0
1036 1020 3.0
513 953 2.0
487 764 6.0
362 1009 4.0
829 52 7.0
115 353 2.0
678 795 2.0
149 289 2.0
128 568 12.0
971 1034 4.0
353 834 3.0
722 836 2.0
1006 79 14.0
709 21 7.0
555 762 8.0
913 859 1.0
935 47 3.0
1002 409 6.0
93 1009 1.0
411 701 9.0
859 485 1.0
213 475 30.0
170 537 3.0
745 475 6.0
505 889 3.0
639 68 1.0
911 838 1.0
1009 747 3.0
888 826 3.0
114 858 1.0
577 48 1.0
427 353 2.0
189 259 2.0
690 483 2.0
576 353 4.0
381 150 6.0
271 367 3.0
160 295 12.0
1050 843 1.0
365 677 4.0
463 114 5.0
464 839 5.0
1035 971 1.0
353 58 3.0
114 574 21.0
385 1014 6.0
805 1026 1.0
612 631 3.0
49 767 2.0
413 353 2.0
117 554 5.0
954 194 5.0
275 115 2.0
551 809 6.0
458 258 8.0
937 353 4.0
501 647 3.0
1035 1061 8.0
684 1064 2.0
395 1020 1.0
425 294 1.0
306 777 1.0
1005 836 2.0
139 809 19.0
383 353 3.0
902 114 8.0
644 485 3.0
213 747 11.0
232 979 2.0
680 174 6.0
509 812 6.0
513 24 61.0
356 135 4.0
779 429 10.0
501 903 2.0
540 128 4.0
789 5 3.0
609 261 6.0
429 591 17.0
480 478 1.0
628 167 2.0
32 733 2.0
331 895 4.0
707 583 2.0
47 1085 1.0
656 347 2.0
154 475 4.0
650 114 8.0
401 114 12.0
293 839 3.0
282 142 8.0
1015 400 2.0
824 764 9.0
95 24 6.0
881 277 8.0
743 24 1.0
254 429 18.0
276 668 2.0
188 1005 2.0
554 570 12.0
840 185 1.0
721 353 3.0
501 1043 2.0
540 353 1.0
528 1005 4.0
570 771 8.0
114 88 13.0
114 26 1.0
64 668 2.0
485 282 16.0
117 570 37.0
83 397 1.0
951 226 3.0
91 215 1.0
627 353 2.0
330 1009 4.0
513 1036 3.0
657 1009 1.0
632 747 1.0
903 448 5.0
377 668 1.0
335 954 2.0
271 839 3.0
173 373 1.0
109 925 1.0
230 764 3.0
475 693 2.0
73 180 1.0
369 88 3.0
885 907 2.0
271 691 16.0
236 114 2.0
783 836 2.0
429 903 16.0
156 1046 2.0
46 256 2.0
531 867 4.0
218 24 12.0
515 194 10.0
48 88 3.0
219 370 4.0
868 639 3.0
225 764 3.0
535 629 1.0
416 194 5.0
678 114 7.0
868 903 1.0
91 52 6.0
79 355 1.0
331 1005 9.0
1050 402 8.0
143 353 2.0
243 545 1.0
570 114 6.0
114 353 50.0
1046 114 2.0
448 631 3.0
114 373 4.0
766 971 3.0
471 812 1.0
1035 429 6.0
642 328 1.0
535 427 1.0
870 691 4.0
1050 182 5.0
13 110 8.0
832 232 3.0
377 522 1.0
612 971 2.0
570 1009 2.0
353 815 8.0
271 475 6.0
47 564 8.0
842 626 1.0
381 114 3.0
114 485 4.0
114 113 10.0
43 179 3.0
484 355 8.0
82 913 4.0
416 34 3.0
453 971 7.0
330 475 2.0
225 116 20.0
682 1009 2.0
643 110 3.0
829 114 1.0
650 23 3.0
623 24 7.0
331 484 1.0
902 478 1.0
487 24 8.0
114 797 4.0
460 351 1.0
573 485 9.0
405 1034 1.0
479 568 2.0
911 475 6.0
156 164 2.0
697 333 2.0
76 475 2.0
543 939 4.0
532 1084 3.0
572 194 1.0
198 611 2.0
411 114 56.0
745 353 4.0
387 1005 5.0
69 807 2.0
225 420 3.0
208 461 2.0
174 921 12.0
1014 820 5.0
429 1005 6.0
779 485 5.0
33 424 3.0
102 114 1.0
948 800 7.0
143 475 2.0
615 519 1.0
192 1061 1.0
612 1034 2.0
68 483 2.0
1024 475 2.0
462 268 3.0
91 727 1.0
1021 997 3.0
512 747 1.0
261 179 2.0
162 1003 1.0
403 211 3.0
1009 475 12.0
181 562 2.0
397 425 1.0
462 903 9.0
269 87 2.0
559 611 1.0
353 736 1.0
249 672 2.0
780 797 1.0
1025 1041 2.0
232 929 1.0
242 211 9.0
232 779 1.0
114 542 6.0
980 24 3.0
6 226 8.0
55 779 3.0
153 646 1.0
551 307 9.0
424 568 2.0
268 79 4.0
728 1075 5.0
546 330 3.0
862 421 1.0
449 659 5.0
98 505 10.0
954 809 7.0
485 1036 9.0
114 958 1.0
587 117 3.0
1001 194 5.0
1001 85 13.0
68 1034 6.0
222 128 9.0
341 839 1.0
720 114 4.0
427 809 7.0
459 91 1.0
1009 382 2.0
1009 420 3.0
903 429 19.0
809 475 2.0
150 840 2.0
680 124 2.0
114 408 7.0
861 68 3.0
1020 948 2.0
328 836 18.0
114 902 2.0
331 971 21.0
444 114 14.0
480 353 3.0
499 709 4.0
286 764 2.0
494 114 5.0
860 475 18.0
139 232 3.0
1 786 1.0
448 642 33.0
85 648 3.0
730 114 12.0
832 461 3.0
194 764 4.0
1006 328 9.0
89 185 1.0
25 370 11.0
810 485 3.0
257 812 5.0
653 817 1.0
848 436 15.0
824 114 4.0
522 930 6.0
258 1052 6.0
528 903 1.0
615 226 8.0
554 679 32.0
449 94 1.0
174 542 3.0
13 358 2.0
678 768 10.0
866 809 5.0
448 605 9.0
824 128 13.0
162 870 5.0
883 194 2.0
856 674 2.0
810 24 7.0
962 114 14.0
815 114 5.0
265 353 3.0
485 475 40.0
260 114 2.0
114 666 3.0
264 804 2.0
764 134 1.0
353 779 7.0
73 810 2.0
1035 612 7.0
118 110 1.0
1087 747 3.0
797 351 13.0
615 495 2.0
652 995 17.0
764 194 8.0
116 34 1.0
408 623 4.0
619 353 3.0
21 735 2.0
885 889 9.0
174 1064 1.0
257 220 3.0
370 74 1.0
397 678 1.0
91 475 10.0
174 680 2.0
333 114 4.0
482 135 5.0
353 682 18.0
551 583 3.0
505 389 3.0
1067 24 3.0
232 194 14.0
833 353 2.0
883 114 6.0
543 65 2.0
147 441 2.0
535 150 2.0
454 370 2.0
743 839 1.0
427 764 3.0
271 488 4.0
353 265 3.0
779 353 16.0
779 736 22.0
583 232 13.0
381 1009 2.0
232 812 3.0
1075 429 1.0
424 194 1.0
616 1009 2.0
220 347 4.0
330 179 3.0
845 939 2.0
747 958 4.0
786 93 4.0
448 94 9.0
352 668 4.0
460 797 1.0
117 552 3.0
991 1005 8.0
173 1009 1.0
114 692 4.0
393 90 5.0
481 24 3.0
174 625 2.0
832 768 6.0
593 1002 5.0
850 545 1.0
331 783 4.0
682 225 2.0
856 475 4.0
864 353 1.0
647 328 11.0
551 906 2.0
720 475 10.0
445 985 1.0
503 344 5.0
432 1036 9.0
662 353 7.0
381 153 3.0
764 143 2.0
701 320 14.0
1034 836 2.0
856 545 1.0
91 114 1.0
688 786 1.0
766 453 2.0
195 353 4.0
155 971 1.0
923 341 1.0
448 690 3.0
679 570 16.0
193 942 16.0
571 485 1.0
763 110 6.0
113 832 3.0
291 254 20.0
924 353 1.0
684 962 2.0
857 341 3.0
25 114 5.0
743 475 2.0
834 545 3.0
19 889 3.0
117 587 6.0
232 1046 2.0
916 764 3.0
709 114 16.0
609 809 3.0
552 832 3.0
552 943 2.0
401 1009 4.0
779 764 8.0
662 128 4.0
845 1041 1.0
597 985 3.0
650 87 1.0
794 179 1.0
701 114 2.0
314 921 2.0
937 179 2.0
225 1009 5.0
484 903 6.0
353 167 6.0
962 194 1.0
511 424 1.0
840 475 2.0
526 262 1.0
24 1004 3.0
453 903 3.0
291 860 2.0
1031 812 4.0
597 1009 1.0
408 114 52.0
24 1063 3.0
98 128 4.0
24 957 2.0
576 520 1.0
522 889 7.0
747 350 1.0
24 1020 5.0
367 233 3.0
24 358 2.0
70 104 2.0
595 295 4.0
260 1009 2.0
585 462 1.0
232 128 10.0
217 1002 1.0
114 355 1.0
969 948 5.0
352 258 6.0
455 530 1.0
235 960 8.0
1040 625 1.0
463 475 2.0
972 812 2.0
275 551 2.0
57 114 2.0
68 94 6.0
629 438 9.0
1024 786 1.0
429 718 6.0
998 114 5.0
156 225 2.0
342 878 1.0
946 366 6.0
181 647 2.0
155 585 3.0
832 295 1.0
625 116 3.0
647 165 6.0
883 58 2.0
778 809 3.0
860 786 1.0
118 397 5.0
619 114 1.0
395 564 9.0
797 666 6.0
232 985 2.0
920 529 3.0
331 483 4.0
322 716 1.0
567 475 2.0
696 722 3.0
448 237 3.0
732 232 17.0
388 24 5.0
258 668 4.0
135 436 1.0
107 568 3.0
1062 1041 1.0
382 782 1.0
43 358 2.0
1035 585 1.0
91 194 2.0
271 184 3.0
622 1009 4.0
81 764 2.0
549 1034 6.0
726 1048 25.0
616 200 2.0
48 1016 2.0
153 832 2.0
82 859 3.0
772 78 1.0
940 179 1.0
1060 429 1.0
855 777 1.0
433 889 6.0
447 19 1.0
117 932 5.0
821 179 1.0
34 37 4.0
664 1041 1.0
927 395 4.0
273 475 8.0
279 954 2.0
903 1034 20.0
543 353 13.0
232 574 3.0
871 812 6.0
779 225 5.0
570 117 6.0
750 774 3.0
254 475 4.0
174 114 7.0
424 114 9.0
162 395 9.0
903 647 11.0
21 114 1.0
427 128 1.0
713 114 8.0
845 353 4.0
1048 319 3.0
722 497 14.0
638 10 2.0
498 668 1.0
1045 1013 1.0
253 179 1.0
176 475 14.0
138 903 4.0
426 353 2.0
603 128 1.0
747 341 5.0
429 68 22.0
696 462 5.0
150 378 1.0
799 362 4.0
1027 373 2.0
222 764 9.0
879 1009 1.0
300 47 3.0
875 581 1.0
353 475 4.0
906 232 7.0
499 1009 1.0
585 783 1.0
448 706 5.0
632 764 1.0
334 353 4.0
568 128 9.0
23 475 10.0
846 570 5.0
400 86 1.0
786 1009 2.0
485 796 8.0
646 756 1.0
605 903 1.0
608 429 4.0
222 485 16.0
222 475 15.0
958 154 1.0
107 812 4.0
755 475 4.0
814 194 1.0
448 181 6.0
487 485 2.0
384 1002 2.0
764 809 5.0
176 194 6.0
762 555 1.0
916 413 2.0
114 543 1.0
862 418 2.0
117 598 3.0
745 128 2.0
161 192 1.0
580 114 13.0
728 903 2.0
114 953 2.0
189 1005 9.0
763 839 1.0
149 355 2.0
698 485 3.0
764 540 2.0
625 1064 3.0
936 917 7.0
674 114 3.0
784 330 3.0
447 353 5.0
118 889 3.0
551 475 2.0
681 353 1.0
239 490 1.0
193 116 5.0
432 969 11.0
866 232 5.0
758 464 2.0
293 475 8.0
631 1005 5.0
552 1009 1.0
358 1020 8.0
709 1044 4.0
835 809 2.0
155 1005 2.0
605 1034 1.0
378 114 2.0
487 179 2.0
446 24 1.0
674 194 3.0
870 700 29.0
665 1041 2.0
299 456 2.0
866 954 8.0
261 128 3.0
390 68 2.0
890 393 1.0
720 779 3.0
647 355 36.0
114 167 3.0
313 1011 3.0
895 1005 5.0
1012 353 1.0
43 1020 4.0
804 521 3.0
47 475 16.0
635 759 1.0
408 433 3.0
242 534 3.0
622 351 3.0
1030 293 1.0
455 597 2.0
609 267 3.0
69 777 1.0
833 764 5.0
1091 591 6.0
901 1009 3.0
111 475 2.0
304 804 1.0
136 647 1.0
98 232 1.0
329 114 3.0
433 169 2.0
213 128 1.0
817 809 14.0
999 114 4.0
885 811 2.0
114 416 1.0
463 48 3.0
1 475 2.0
586 971 1.0
321 1041 1.0
397 518 2.0
364 478 2.0
1016 973 3.0
448 673 3.0
856 77 2.0
19 291 6.0
766 355 11.0
638 211 3.0
958 839 2.0
543 764 1.0
399 975 1.0
448 861 3.0
920 1068 2.0
608 289 1.0
307 556 1.0
305 485 1.0
732 975 2.0
331 149 4.0
484 1034 3.0
15 611 1.0
114 413 3.0
564 298 3.0
577 837 1.0
608 462 3.0
1006 40 3.0
464 475 6.0
82 875 3.0
570 932 3.0
1006 903 17.0
779 97 2.0
914 308 2.0
198 490 2.0
944 333 4.0
176 128 4.0
1030 892 1.0
60 353 2.0
225 128 2.0
143 812 4.0
19 747 2.0
690 1005 3.0
1001 893 1.0
966 114 4.0
232 248 1.0
891 351 1.0
48 179 3.0
394 971 1.0
400 1015 2.0
1009 975 1.0
664 353 3.0
426 408 1.0
448 853 6.0
1004 271 3.0
673 1005 6.0
341 857 4.0
119 344 40.0
791 764 1.0
889 509 2.0
68 1006 1.0
1078 436 13.0
883 353 3.0
232 707 2.0
447 179 7.0
622 877 1.0
448 4 3.0
747 43 1.0
587 226 2.0
931 768 1.0
218 1020 2.0
1037 353 2.0
1024 1072 1.0
1087 485 1.0
764 1036 3.0
758 285 1.0
660 820 2.0
819 174 1.0
480 114 6.0
429 836 2.0
506 917 5.0
467 764 2.0
894 625 3.0
448 895 3.0
612 429 1.0
725 436 8.0
213 339 2.0
888 114 19.0
397 791 1.0
448 301 132.0
150 374 8.0
1021 565 5.0
637 526 2.0
1062 114 1.0
625 1009 1.0
922 545 1.0
258 485 2.0
555 485 2.0
779 43 5.0
919 197 6.0
583 1009 5.0
361 436 1.0
543 788 5.0
860 114 1.0
1047 803 1.0
105 399 1.0
734 1020 3.0
1046 128 1.0
745 815 3.0
1002 384 3.0
1070 626 3.0
194 832 1.0
73 1009 2.0
809 114 10.0
103 361 2.0
258 276 16.0
65 543 2.0
534 1009 1.0
862 1020 8.0
845 475 2.0
725 353 1.0
334 169 1.0
1007 1005 3.0
324 395 4.0
1079 975 1.0
799 764 4.0
114 461 3.0
132 353 1.0
643 700 1.0
764 88 6.0
222 568 4.0
213 745 1.0
174 819 1.0
954 568 2.0
855 681 2.0
150 1 2.0
207 292 1.0
702 777 1.0
811 812 1.0
596 114 4.0
95 395 13.0
427 248 2.0
903 971 31.0
103 655 4.0
47 996 4.0
473 545 1.0
546 341 1.0
107 128 4.0
847 799 7.0
663 475 2.0
994 804 1.0
298 996 2.0
883 167 3.0
227 48 1.0
55 114 1.0
1087 162 9.0
275 232 3.0
911 353 2.0
328 355 7.0
268 355 51.0
485 750 8.0
90 393 19.0
701 170 2.0
721 151 5.0
345 408 1.0
615 436 1.0
568 475 3.0
114 999 2.0
21 1044 4.0
527 668 4.0
524 874 5.0
976 353 1.0
188 903 1.0
616 114 8.0
528 971 3.0
1059 194 5.0
362 847 4.0
848 114 42.0
184 870 4.0
623 408 13.0
331 1006 2.0
457 114 4.0
1031 505 11.0
945 114 1.0
128 942 2.0
448 387 3.0
484 283 1.0
583 194 1.0
60 475 2.0
622 226 6.0
513 475 2.0
697 577 4.0
429 355 34.0
25 348 5.0
824 194 2.0
487 1017 4.0
81 232 1.0
883 788 1.0
515 475 2.0
501 562 2.0
335 475 2.0
942 201 1.0
412 185 1.0
113 114 3.0
1002 244 4.0
784 226 1.0
789 447 2.0
552 600 2.0
150 329 2.0
546 232 1.0
995 1009 5.0
88 48 8.0
353 939 6.0
47 485 13.0
448 783 3.0
782 475 2.0
885 509 1.0
730 478 1.0
813 185 1.0
826 763 3.0
128 764 6.0
551 568 3.0
220 194 1.0
695 703 2.0
424 692 4.0
367 485 11.0
544 475 4.0
150 312 1.0
1012 53 2.0
962 281 3.0
114 400 2.0
481 996 1.0
879 353 1.0
114 751 2.0
549 68 2.0
369 48 4.0
24 466 2.0
678 16 16.0
232 1009 8.0
480 1009 1.0
988 96 2.0
456 790 3.0
762 475 2.0
1036 617 2.0
833 114 14.0
232 516 1.0
117 768 4.0
104 1041 1.0
954 8 1.0
720 764 5.0
353 223 1.0
540 812 2.0
966 380 4.0
367 870 3.0
513 485 9.0
367 1085 1.0
738 475 2.0
785 169 1.0
570 882 2.0
91 668 7.0
564 24 1.0
254 462 2.0
128 179 1.0
129 447 3.0
834 52 5.0
954 1009 4.0
540 475 6.0
515 809 2.0
261 778 2.0
225 81 2.0
682 226 3.0
225 568 1.0
683 1009 1.0
215 114 1.0
448 453 3.0
643 24 6.0
427 194 2.0
544 889 3.0
114 376 2.0
380 475 2.0
260 194 2.0
353 447 5.0
109 853 3.0
1002 221 4.0
549 355 3.0
242 912 4.0
353 599 5.0
222 1070 2.0
861 971 7.0
1027 114 3.0
569 78 1.0
513 315 1.0
339 747 2.0
830 492 2.0
645 809 2.0
539 156 2.0
826 419 3.0
539 450 2.0
562 557 2.0
527 158 2.0
485 48 8.0
112 646 1.0
954 764 1.0
328 1006 2.0
397 110 2.0
642 355 1.0
135 734 5.0
549 647 5.0
783 971 7.0
678 167 2.0
128 252 3.0
397 323 1.0
539 1009 2.0
608 1034 4.0
506 975 1.0
1013 485 1.0
629 114 16.0
307 414 1.0
551 98 2.0
113 975 5.0
426 682 4.0
39 384 3.0
324 996 1.0
482 110 3.0
25 153 3.0
629 131 2.0
779 397 2.0
171 730 2.0
920 396 1.0
299 485 7.0
787 241 2.0
24 338 1.0
1045 862 3.0
715 518 2.0
225 478 1.0
689 179 4.0
729 475 2.0
763 933 4.0
936 194 2.0
397 263 1.0
147 114 4.0
728 355 2.0
330 194 3.0
511 114 4.0
1006 484 1.0
423 1005 1.0
59 114 2.0
487 747 5.0
404 629 1.0
801 813 2.0
956 348 2.0
728 971 2.0
809 568 5.0
307 661 2.0
764 48 11.0
23 303 5.0
114 745 9.0
895 1006 1.0
867 353 4.0
359 408 2.0
24 162 2.0
1091 355 6.0
297 114 35.0
629 194 4.0
875 485 1.0
1050 724 6.0
307 609 18.0
761 1005 2.0
353 839 1.0
953 553 2.0
405 1005 2.0
698 1072 1.0
201 809 1.0
64 353 2.0
232 949 3.0
114 733 4.0
622 460 1.0
538 668 4.0
981 1005 7.0
904 158 2.0
408 574 9.0
503 114 2.0
1006 462 5.0
512 114 1.0
920 114 4.0
914 114 1.0
1069 971 1.0
397 450 1.0
1068 114 2.0
977 764 2.0
447 116 7.0
235 475 6.0
713 157 9.0
73 24 9.0
741 24 2.0
847 464 1.0
804 485 2.0
932 803 1.0
20 451 1.0
293 975 2.0
162 43 4.0
532 588 2.0
408 522 1.0
153 194 1.0
136 639 3.0
14 777 1.0
786 475 4.0
447 1009 1.0
1027 733 1.0
307 809 12.0
454 348 1.0
82 1013 8.0
1004 24 3.0
854 154 1.0
616 253 1.0
341 522 1.0
381 832 5.0
95 870 1.0
575 353 6.0
119 634 5.0
79 483 2.0
661 609 2.0
393 890 1.0
81 114 1.0
988 346 1.0
558 490 2.0
294 989 1.0
390 475 6.0
480 510 4.0
679 589 2.0
67 150 2.0
108 889 3.0
232 1031 2.0
543 574 5.0
802 786 2.0
450 1048 4.0
903 1005 8.0
1012 1041 2.0
946 301 6.0
650 1009 3.0
232 373 2.0
901 73 2.0
1059 475 12.0
622 114 4.0
540 764 1.0
1040 1064 1.0
230 939 1.0
622 781 1.0
117 542 4.0
225 168 2.0
779 319 6.0
181 429 1.0
1009 597 2.0
127 1041 2.0
934 611 1.0
27 475 8.0
328 79 2.0
127 777 1.0
512 916 2.0
222 114 2.0
988 870 3.0
485 304 6.0
483 903 3.0
433 353 6.0
722 630 2.0
607 475 4.0
114 412 1.0
150 568 1.0
686 114 16.0
783 355 3.0
345 337 1.0
577 697 2.0
487 114 3.0
40 289 5.0
856 492 2.0
709 769 2.0
429 971 3.0
150 125 3.0
885 972 7.0
194 353 1.0
302 294 6.0
344 985 1.0
914 572 2.0
485 159 31.0
1032 713 2.0
597 1079 1.0
181 1006 5.0
249 114 2.0
266 408 3.0
19 903 1.0
588 565 8.0
365 120 7.0
167 788 1.0
783 268 4.0
447 429 2.0
612 68 1.0
61 652 2.0
150 404 2.0
232 889 3.0
23 436 3.0
24 758 2.0
850 832 2.0
595 475 2.0
114 1001 3.0
448 659 3.0
306 1041 1.0
1025 785 2.0
208 842 8.0
690 971 3.0
1076 353 1.0
416 475 12.0
404 438 3.0
466 475 6.0
538 258 2.0
230 408 1.0
128 809 11.0
924 871 2.0
682 110 1.0
722 620 4.0
651 408 3.0
513 1018 2.0
42 114 2.0
4 429 1.0
436 114 1.0
435 929 1.0
1035 1006 5.0
678 788 3.0
1001 341 1.0
627 725 3.0
876 353 3.0
1006 836 4.0
682 64 1.0
330 547 1.0
254 1034 2.0
1003 271 2.0
65 114 1.0
979 551 2.0
532 490 2.0
232 607 2.0
307 128 1.0
473 243 2.0
722 355 3.0
258 475 2.0
1087 651 1.0
449 585 4.0
406 301 4.0
826 24 1.0
114 1052 7.0
487 395 1.0
483 836 2.0
958 641 5.0
868 836 2.0
433 798 2.0
114 590 3.0
799 847 4.0
643 870 2.0
893 648 6.0
109 903 1.0
415 114 1.0
649 1077 3.0
639 903 2.0
1027 597 4.0
942 809 3.0
81 194 1.0
232 530 1.0
344 251 2.0
1076 876 1.0
785 1041 1.0
993 283 1.0
119 10 2.0
608 155 1.0
114 677 1.0
980 395 4.0
392 759 2.0
394 903 1.0
362 735 2.0
136 971 5.0
104 228 3.0
395 634 10.0
954 279 2.0
81 116 3.0
646 46 1.0
389 522 1.0
785 764 1.0
427 114 2.0
1032 114 1.0
1001 764 5.0
580 709 12.0
751 433 2.0
612 903 2.0
114 473 2.0
652 288 1.0
1035 591 2.0
832 179 3.0
670 3 1.0
850 475 2.0
293 265 3.0
1075 484 2.0
261 114 2.0
1034 429 16.0
835 128 4.0
1009 985 4.0
153 114 5.0
218 358 2.0
797 428 4.0
625 1059 5.0
551 353 1.0
156 779 2.0
370 801 3.0
265 433 1.0
649 147 3.0
56 485 8.0
291 353 2.0
335 350 1.0
854 475 6.0
802 832 1.0
295 832 2.0
76 832 2.0
1046 179 2.0
427 568 7.0
207 38 2.0
132 1062 2.0
73 475 2.0
332 601 1.0
551 360 1.0
803 716 1.0
1036 43 2.0
478 144 2.0
1002 199 2.0
174 962 3.0
1027 502 1.0
730 897 2.0
436 960 1.0
725 114 24.0
951 1079 1.0
596 550 4.0
591 501 4.0
346 106 3.0
178 581 1.0
1046 662 4.0
113 911 2.0
728 1034 3.0
150 546 2.0
643 395 22.0
396 114 5.0
82 571 4.0
448 155 3.0
1067 28 1.0
936 478 1.0
459 114 8.0
732 551 13.0
532 671 1.0
678 475 2.0
745 350 2.0
114 429 1.0
1065 114 1.0
380 114 10.0
48 43 1.0
24 953 1.0
696 1050 1.0
390 663 1.0
375 764 1.0
118 13 1.0
246 767 3.0
564 475 6.0
358 421 1.0
174 961 7.0
415 833 1.0
27 733 1.0
609 778 15.0
807 353 1.0
258 352 4.0
485 1085 15.0
237 903 1.0
931 729 1.0
360 809 5.0
1078 475 2.0
955 24 2.0
840 330 2.0
659 1005 5.0
456 485 6.0
24 324 3.0
627 436 1.0
353 764 26.0
847 520 2.0
721 247 6.0
855 353 1.0
435 760 2.0
429 501 3.0
726 319 3.0
254 722 2.0
23 1054 3.0
799 475 4.0
120 365 3.0
709 1026 5.0
448 757 3.0
232 422 2.0
665 321 2.0
335 438 2.0
989 408 1.0
570 437 2.0
608 449 2.0
337 223 1.0
549 429 5.0
230 475 2.0
151 678 5.0
570 206 5.0
275 307 2.0
26 968 1.0
1008 114 4.0
1087 668 1.0
911 355 1.0
114 19 2.0
207 1009 1.0
858 114 2.0
114 786 8.0
1060 232 7.0
480 24 1.0
448 1033 33.0
399 173 2.0
129 353 1.0
1030 928 1.0
672 765 2.0
583 128 5.0
737 627 2.0
24 525 1.0
208 626 1.0
257 475 4.0
4 355 1.0
954 835 2.0
709 499 1.0
448 188 3.0
459 1072 1.0
174 1009 4.0
377 764 1.0
294 158 2.0
506 245 2.0
700 763 1.0
722 500 2.0
324 668 2.0
904 276 1.0
370 716 1.0
107 505 11.0
268 431 4.0
720 889 3.0
655 87 4.0
90 792 5.0
247 368 7.0
232 1047 1.0
1009 110 2.0
178 485 1.0
601 558 2.0
747 395 3.0
751 154 1.0
817 609 2.0
1050 386 1.0
462 80 6.0
257 522 3.0
1069 1034 1.0
183 1066 1.0
93 51 3.0
19 353 10.0
783 429 1.0
589 117 6.0
33 232 1.0
114 815 2.0
513 304 2.0
353 876 2.0
456 1023 5.0
747 114 6.0
114 889 12.0
433 24 1.0
511 794 1.0
834 353 4.0
1018 210 3.0
484 1006 1.0
499 1026 3.0
834 883 3.0
64 682 3.0
174 194 2.0
375 436 8.0
515 889 9.0
24 1086 1.0
24 553 3.0
138 328 2.0
832 19 1.0
321 747 1.0
826 110 6.0
408 1067 1.0
847 475 2.0
768 552 11.0
24 763 4.0
370 773 2.0
335 568 1.0
397 985 1.0
936 975 2.0
490 384 3.0
797 947 2.0
540 568 1.0
401 812 3.0
629 150 2.0
479 812 2.0
535 475 2.0
48 1036 3.0
33 1009 1.0
448 766 3.0
294 194 1.0
511 232 5.0
785 485 1.0
307 232 12.0
435 465 1.0
506 536 1.0
322 745 1.0
975 205 1.0
453 355 1.0
1079 274 1.0
360 232 3.0
1057 1005 1.0
174 475 4.0
921 314 1.0
24 28 5.0
397 914 2.0
297 436 10.0
93 373 2.0
23 114 8.0
68 328 4.0
93 19 2.0
401 674 2.0
484 971 5.0
333 1009 1.0
782 114 4.0
916 114 6.0
370 683 2.0
543 113 4.0
446 779 7.0
853 903 3.0
577 226 6.0
906 307 1.0
605 909 2.0
404 150 1.0
770 197 1.0
612 94 1.0
795 114 1.0
25 194 2.0
255 24 2.0
651 939 3.0
608 591 5.0
847 485 2.0
734 1009 2.0
422 809 1.0
659 1034 1.0
823 475 2.0
389 509 1.0
236 858 1.0
370 956 2.0
1006 355 31.0
438 114 8.0
570 846 2.0
854 24 4.0
47 285 1.0
1035 68 1.0
408 634 2.0
809 179 1.0
448 109 3.0
448 331 3.0
225 1046 4.0
619 1009 3.0
1035 647 2.0
482 734 3.0
24 300 1.0
89 817 3.0
207 1072 1.0
1006 451 4.0
173 975 1.0
916 408 3.0
913 1045 2.0
955 106 1.0
721 114 11.0
632 478 1.0
381 786 1.0
69 353 1.0
466 485 1.0
294 764 4.0
330 350 1.0
191 114 1.0
945 353 3.0
657 232 1.0
709 1038 1.0
194 529 3.0
622 780 1.0
14 353 1.0
552 965 2.0
481 485 1.0
355 971 4.0
688 832 1.0
156 968 1.0
543 48 1.0
807 342 3.0
275 778 2.0
68 283 1.0
840 438 3.0
969 1020 5.0
371 370 3.0
797 24 10.0
76 114 2.0
337 353 1.0
551 232 6.0
42 344 6.0
693 740 2.0
913 485 2.0
429 431 1.0
907 1009 1.0
358 948 1.0
114 27 2.0
132 1041 2.0
72 715 3.0
150 381 2.0
280 114 1.0
834 114 5.0
947 475 4.0
220 114 2.0
380 1009 2.0
1007 1034 1.0
1015 330 1.0
764 750 3.0
48 327 1.0
69 1041 2.0
729 545 1.0
988 485 9.0
506 457 2.0
591 647 1.0
608 903 4.0
444 353 2.0
605 971 1.0
268 501 6.0
448 394 3.0
98 475 4.0
624 460 2.0
701 905 1.0
402 71 2.0
41 522 2.0
848 1042 2.0
331 429 6.0
254 355 4.0
268 68 2.0
936 676 1.0
906 551 26.0
1002 611 3.0
408 395 3.0
682 426 1.0
114 833 2.0
750 948 5.0
834 167 1.0
353 958 3.0
764 292 13.0
879 1072 1.0
542 803 2.0
455 114 5.0
720 747 1.0
26 1046 2.0
313 1013 1.0
751 464 2.0
258 904 7.0
1002 532 3.0
492 475 2.0
435 926 2.0
583 196 2.0
821 849 2.0
114 768 2.0
800 1020 2.0
954 478 1.0
459 1009 1.0
1 114 2.0
800 372 7.0
1 832 1.0
650 508 1.0
819 194 1.0
764 258 1.0
1009 1027 2.0
831 985 5.0
448 449 3.0
355 1034 2.0
524 341 3.0
473 194 1.0
235 19 2.0
432 800 3.0
577 1009 4.0
391 764 3.0
546 226 1.0
538 796 9.0
84 447 2.0
857 475 2.0
114 628 2.0
307 778 8.0
911 19 5.0
139 114 20.0
846 117 2.0
1018 958 1.0
622 797 3.0
176 812 5.0
135 482 1.0
501 1006 4.0
568 102 1.0
1062 353 3.0
24 522 1.0
385 820 2.0
448 138 3.0
1079 475 2.0
916 1009 9.0
266 815 1.0
397 779 1.0
123 777 1.0
611 934 1.0
97 1048 9.0
114 860 2.0
26 128 2.0
19 1009 3.0
521 804 1.0
1007 783 1.0
751 353 5.0
265 764 2.0
485 800 1.0
473 1052 4.0
93 985 1.0
611 601 1.0
448 586 3.0
103 235 1.0
787 130 10.0
23 985 1.0
1091 429 3.0
313 485 2.0
734 185 1.0
150 330 2.0
370 25 2.0
840 114 3.0
353 179 2.0
181 903 6.0
1051 839 3.0
779 179 3.0
244 593 3.0
677 114 4.0
817 778 3.0
731 363 10.0
511 1009 2.0
389 889 3.0
335 128 1.0
861 429 1.0
789 694 2.0
1058 114 1.0
446 1009 1.0
725 185 2.0
232 139 2.0
877 1009 3.0
988 285 2.0
7 450 2.0
815 286 1.0
783 1005 1.0
577 30 1.0
411 436 1.0
902 950 2.0
854 839 3.0
746 45 1.0
570 679 4.0
163 485 4.0
397 408 1.0
840 150 6.0
876 108 2.0
931 678 1.0
1035 501 1.0
988 395 3.0
149 1034 1.0
450 572 4.0
370 114 1.0
424 341 2.0
536 917 2.0
672 179 2.0
780 114 3.0
921 226 8.0
13 485 1.0
958 475 4.0
1031 568 3.0
90 1061 1.0
681 1041 1.0
613 475 4.0
921 961 2.0
13 114 14.0
835 954 4.0
826 1020 1.0
870 358 2.0
848 804 1.0
500 462 1.0
141 347 2.0
47 96 2.0
707 114 1.0
1076 475 2.0
628 353 3.0
1009 194 1.0
720 572 3.0
955 346 3.0
610 832 3.0
462 620 2.0
922 475 4.0
314 744 4.0
1003 158 3.0
580 733 5.0
646 849 1.0
108 876 6.0
840 832 2.0
1018 390 5.0
520 839 4.0
173 114 4.0
360 1009 3.0
586 1034 1.0
367 839 1.0
91 545 1.0
353 341 3.0
341 524 4.0
447 114 4.0
506 1009 10.0
684 317 4.0
149 1043 1.0
479 475 4.0
522 687 1.0
232 942 4.0
969 432 2.0
539 114 1.0
403 436 9.0
390 355 1.0
555 886 2.0
1 150 1.0
784 1009 1.0
487 759 1.0
502 373 1.0
876 1076 1.0
60 764 1.0
123 1041 2.0
853 1057 1.0
993 903 2.0
515 307 3.0
485 1013 1.0
797 493 5.0
21 1009 2.0
329 150 2.0
1009 951 5.0
18 201 1.0
341 803 4.0
842 461 4.0
638 747 3.0
26 568 1.0
1032 615 3.0
248 809 4.0
632 158 1.0
53 114 1.0
382 1009 2.0
908 353 6.0
764 232 3.0
291 429 15.0
52 194 1.0
479 353 1.0
492 674 5.0
690 783 2.0
870 340 3.0
1035 161 7.0
114 424 1.0
306 353 1.0
568 889 6.0
15 1002 5.0
459 817 1.0
568 427 1.0
625 1040 1.0
353 908 1.0
1062 764 1.0
833 825 2.0
174 357 1.0
549 971 3.0
429 1006 5.0
722 696 3.0
700 750 1.0
513 634 1.0
766 903 1.0
149 853 1.0
448 189 3.0
517 433 2.0
487 636 16.0
322 815 2.0
177 417 1.0
810 88 3.0
908 968 1.0
576 5 1.0
291 838 1.0
608 355 4.0
976 867 2.0
723 353 1.0
728 483 1.0
542 832 2.0
117 353 4.0
70 1041 2.0
513 948 2.0
293 485 3.0
920 45 1.0
855 1041 2.0
18 114 1.0
435 1082 3.0
25 646 2.0
608 1006 5.0
903 483 3.0
502 475 4.0
513 162 2.0
181 328 2.0
480 548 1.0
702 845 2.0
608 149 1.0
903 731 4.0
978 353 2.0
439 581 1.0
73 114 4.0
972 522 2.0
734 114 8.0
17 125 1.0
235 985 1.0
955 43 1.0
553 958 1.0
429 484 6.0
307 975 7.0
143 485 1.0
371 348 2.0
616 975 2.0
954 116 1.0
484 429 8.0
191 670 1.0
722 717 1.0
105 114 3.0
891 797 1.0
652 478 1.0
57 786 2.0
166 353 3.0
173 209 3.0
953 958 1.0
87 960 1.0
258 458 7.0
579 34 1.0
424 128 1.0
854 485 1.0
189 355 1.0
954 509 1.0
848 689 10.0
625 9 1.0
1009 1044 1.0
220 821 2.0
962 985 1.0
976 1041 2.0
570 353 1.0
799 735 8.0
576 116 2.0
551 678 1.0
435 475 3.0
824 812 2.0
676 245 2.0
975 353 1.0
218 727 2.0
652 61 2.0
53 353 3.0
1086 24 10.0
384 611 2.0
585 1034 2.0
715 110 3.0
570 310 1.0
232 176 2.0
26 114 3.0
597 464 1.0
641 179 1.0
448 647 6.0
1073 330 2.0
209 1009 1.0
502 975 1.0
870 763 4.0
237 1034 1.0
779 889 6.0
853 971 3.0
747 677 2.0
429 94 4.0
1059 568 1.0
353 745 7.0
139 821 2.0
1042 848 1.0
150 121 2.0
894 114 1.0
232 193 6.0
370 522 1.0
958 464 4.0
41 889 3.0
184 56 1.0
408 230 2.0
638 436 3.0
161 703 7.0
264 521 1.0
682 908 2.0
520 475 2.0
400 478 1.0
135 356 1.0
670 985 1.0
360 551 6.0
337 408 1.0
628 678 1.0
573 1070 1.0
505 128 2.0
699 114 2.0
712 996 1.0
334 764 2.0
258 527 3.0
266 977 1.0
68 853 3.0
1081 24 2.0
1079 373 3.0
674 832 2.0
1048 43 4.0
176 809 3.0
913 581 3.0
1078 815 1.0
596 341 2.0
174 470 1.0
395 95 1.0
868 429 1.0
95 668 1.0
382 475 4.0
106 24 2.0
801 370 1.0
702 353 1.0
506 172 1.0
83 779 3.0
247 75 1.0
539 83 2.0
647 259 1.0
211 114 4.0
425 764 1.0
574 353 3.0
139 478 1.0
670 226 1.0
39 490 2.0
948 774 4.0
1054 87 2.0
335 232 1.0
397 72 2.0
599 353 2.0
678 832 1.0
232 618 6.0
789 880 1.0
1031 475 4.0
573 114 2.0
558 384 2.0
459 353 1.0
81 225 8.0
24 708 2.0
666 741 1.0
331 853 4.0
709 975 1.0
954 353 6.0
725 804 1.0
225 34 2.0
601 384 1.0
856 401 5.0
237 836 2.0
779 720 2.0
609 114 4.0
383 114 1.0
903 706 1.0
268 462 2.0
512 24 1.0
225 446 2.0
942 179 1.0
784 114 4.0
965 975 1.0
629 821 1.0
931 167 1.0
8 509 1.0
907 114 1.0
642 971 7.0
841 1005 1.0
302 764 1.0
315 741 1.0
903 268 3.0
615 175 1.0
100 351 1.0
24 274 3.0
894 1059 1.0
24 955 1.0
856 830 2.0
449 355 1.0
188 429 1.0
326 225 1.0
353 382 1.0
445 194 1.0
666 1090 2.0
128 479 2.0
771 114 3.0
447 576 2.0
39 532 3.0
764 179 1.0
309 43 1.0
383 1009 3.0
744 124 2.0
114 444 6.0
1049 817 3.0
441 436 1.0
265 179 1.0
68 836 2.0
832 764 2.0
433 114 13.0
777 353 1.0
573 194 1.0
405 483 2.0
181 836 2.0
797 727 2.0
342 114 4.0
727 668 2.0
551 522 1.0
610 427 2.0
624 493 1.0
1 438 1.0
32 29 1.0
17 438 1.0
728 647 2.0
764 678 1.0
988 668 2.0
291 568 1.0
690 528 2.0
646 114 3.0
573 626 3.0
825 62 1.0
425 270 1.0
232 351 1.0
408 341 3.0
72 1048 1.0
902 194 1.0
389 505 1.0
601 490 2.0
657 194 2.0
566 475 10.0
571 1045 3.0
586 1005 13.0
596 235 1.0
375 912 4.0
942 114 1.0
170 320 4.0
525 24 1.0
709 436 1.0
745 939 2.0
543 803 2.0
609 475 2.0
866 618 1.0
95 271 1.0
690 355 1.0
534 114 1.0
26 779 1.0
677 747 1.0
25 1009 1.0
708 958 3.0
631 387 6.0
115 803 2.0
916 226 18.0
779 1009 3.0
487 185 1.0
1076 764 1.0
483 40 1.0
242 436 10.0
236 177 2.0
138 1006 1.0
315 24 2.0
619 433 3.0
962 786 2.0
153 260 2.0
408 939 6.0
611 490 2.0
335 150 3.0
552 475 4.0
36 227 2.0
801 114 2.0
572 764 2.0
416 37 1.0
677 764 1.0
232 107 2.0
957 24 2.0
187 1044 3.0
1030 24 1.0
76 194 1.0
369 194 1.0
511 809 2.0
150 438 1.0
653 34 2.0
328 40 1.0
635 1030 2.0
866 194 2.0
387 1034 2.0
194 821 1.0
378 832 2.0
962 684 2.0
109 149 2.0
1016 485 1.0
608 631 1.0
920 939 1.0
220 475 4.0
813 674 2.0
11 436 1.0
716 803 1.0
812 475 2.0
300 485 3.0
539 7 1.0
707 1009 2.0
981 259 1.0
123 353 1.0
462 289 1.0
539 186 2.0
162 179 1.0
417 114 1.0
468 844 7.0
313 581 8.0
720 522 3.0
864 622 2.0
760 114 1.0
995 226 19.0
507 197 5.0
585 971 4.0
147 786 2.0
1069 903 3.0
397 574 3.0
1003 668 17.0
444 834 1.0
47 395 3.0
433 517 2.0
651 24 1.0
677 475 14.0
879 817 1.0
860 194 2.0
601 1088 2.0
4 1005 5.0
903 50 2.0
539 1065 2.0
622 353 5.0
265 19 1.0
427 814 4.0
709 1009 1.0
13 1020 5.0
370 371 8.0
975 114 3.0
876 114 10.0
308 992 1.0
999 834 3.0
623 292 1.0
256 646 2.0
24 691 1.0
89 1072 1.0
370 219 2.0
608 836 4.0
479 606 1.0
824 568 6.0
23 633 2.0
353 747 4.0
459 194 1.0
829 351 2.0
835 148 1.0
574 803 2.0
889 475 2.0
867 413 2.0
24 839 15.0
939 408 2.0
202 114 1.0
585 620 1.0
921 1009 2.0
564 996 7.0
387 903 2.0
762 485 1.0
623 764 6.0
690 429 1.0
561 353 1.0
293 1009 3.0
449 429 1.0
823 205 1.0
631 903 2.0
779 265 1.0
235 1009 2.0
353 177 3.0
367 691 4.0
261 809 2.0
447 789 4.0
920 1009 1.0
861 903 4.0
597 978 1.0
763 948 3.0
945 747 1.0
871 509 1.0
131 438 4.0
183 767 3.0
633 62 1.0
993 1034 2.0
499 799 2.0
832 341 2.0
307 522 1.0
438 832 1.0
1001 113 4.0
886 555 1.0
408 110 2.0
826 271 1.0
47 271 3.0
88 432 2.0
318 370 6.0
387 971 1.0
93 1072 3.0
1008 901 2.0
114 34 5.0
877 752 1.0
591 328 3.0
427 475 2.0
1081 353 1.0
902 475 2.0
867 747 1.0
1060 475 4.0
932 678 1.0
1030 1009 1.0
212 1009 1.0
916 939 2.0
612 836 4.0
1050 99 2.0
845 114 1.0
783 903 5.0
835 568 2.0
162 958 1.0
712 395 9.0
1070 461 2.0
367 613 2.0
583 568 2.0
764 163 2.0
931 58 1.0
327 485 1.0
497 355 1.0
1006 1034 2.0
970 257 2.0
448 259 1.0
1011 750 2.0
542 786 1.0
978 114 1.0
91 922 2.0
986 1014 3.0
745 408 10.0
268 1005 2.0
622 982 2.0
6 224 1.0
268 328 1.0
745 764 14.0
146 485 1.0
47 988 2.0
326 779 1.0
139 353 1.0
371 330 1.0
307 373 2.0
699 817 2.0
373 975 1.0
268 149 2.0
139 12 4.0
1008 110 1.0
421 750 2.0
34 510 1.0
945 169 1.0
670 1009 1.0
898 475 4.0
408 518 1.0
494 1009 1.0
1067 433 3.0
995 344 16.0
587 1009 4.0
227 88 3.0
728 68 2.0
1030 1028 1.0
648 975 1.0
309 485 2.0
513 763 1.0
615 713 5.0
266 114 1.0
673 903 2.0
753 436 3.0
449 1034 3.0
254 903 5.0
138 355 1.0
513 203 2.0
627 737 2.0
720 294 3.0
761 1057 1.0
766 647 3.0
47 644 1.0
374 330 1.0
114 271 2.0
177 436 10.0
824 353 1.0
779 494 2.0
45 1089 1.0
158 485 6.0
194 831 4.0
868 971 3.0
611 287 1.0
253 209 2.0
554 678 8.0
739 54 1.0
901 353 2.0
1050 852 2.0
126 716 1.0
244 490 1.0
114 648 1.0
482 353 1.0
763 210 1.0
268 283 1.0
382 114 4.0
123 195 2.0
513 274 1.0
884 110 2.0
642 1034 1.0
797 227 2.0
587 678 2.0
769 114 1.0
24 388 1.0
473 1009 1.0
600 353 1.0
705 654 2.0
896 399 2.0
1008 1009 1.0
462 40 3.0
225 985 2.0
665 777 1.0
98 812 5.0
1087 395 1.0
416 179 2.0
678 932 2.0
577 436 1.0
540 485 3.0
543 716 1.0
644 47 3.0
501 836 4.0
155 1034 2.0
732 764 1.0
853 1034 3.0
550 803 1.0
953 545 1.0
91 692 2.0
878 342 1.0
494 478 1.0
222 280 5.0
551 1022 1.0
158 668 2.0
228 114 2.0
449 903 3.0
11 194 2.0
221 532 2.0
697 1009 1.0
273 746 2.0
293 34 2.0
848 1009 1.0
429 386 1.0
764 948 1.0
861 853 1.0
225 803 1.0
613 839 1.0
577 185 1.0
114 273 3.0
840 629 2.0
116 754 1.0
51 692 1.0
954 866 1.0
341 716 2.0
9 863 2.0
108 573 1.0
527 276 1.0
271 743 5.0
710 398 1.0
290 992 1.0
961 470 2.0
136 1034 1.0
563 821 4.0
107 232 1.0
551 128 2.0
936 245 4.0
128 185 1.0
179 475 2.0
1060 975 1.0
203 804 1.0
207 353 1.0
356 114 1.0
457 917 2.0
809 817 5.0
474 935 1.0
244 611 2.0
1009 93 2.0
395 218 1.0
650 478 1.0
727 485 10.0
397 1009 6.0
779 24 1.0
249 765 7.0
395 712 2.0
330 1073 1.0
330 832 1.0
807 1041 1.0
448 868 3.0
919 714 1.0
518 475 2.0
280 573 1.0
551 452 1.0
296 294 2.0
1069 501 2.0
456 727 1.0
978 1009 2.0
646 330 1.0
223 353 1.0
652 1009 2.0
122 1085 2.0
833 284 4.0
89 353 1.0
768 832 4.0
68 1005 4.0
223 747 1.0
779 668 5.0
709 733 4.0
331 355 3.0
23 960 7.0
624 341 1.0
150 832 4.0
586 429 1.0
736 803 1.0
719 739 2.0
485 24 2.0
235 478 1.0
250 1041 2.0
1091 647 1.0
181 355 5.0
903 366 2.0
293 747 1.0
458 276 1.0
937 662 1.0
161 1061 1.0
1009 839 2.0
768 850 3.0
995 523 2.0
500 776 3.0
231 622 2.0
248 128 1.0
623 114 1.0
588 407 1.0
330 401 3.0
114 624 1.0
543 953 2.0
868 1034 1.0
243 475 2.0
232 542 3.0
194 280 1.0
936 475 2.0
166 114 1.0
922 63 2.0
353 24 1.0
583 530 1.0
284 833 1.0
335 330 1.0
847 958 1.0
573 353 2.0
879 422 2.0
447 293 1.0
643 763 1.0
114 29 1.0
857 803 3.0
725 194 1.0
225 839 1.0
1006 1005 1.0
139 422 2.0
397 929 1.0
520 985 1.0
160 378 1.0
95 700 1.0
232 485 1.0
348 674 1.0
113 953 1.0
776 717 2.0
610 475 2.0
832 92 5.0
586 259 1.0
1012 777 1.0
331 841 1.0
1035 355 2.0
530 179 1.0
120 114 4.0
943 353 2.0
399 1009 5.0
824 475 8.0
523 652 6.0
868 483 2.0
506 436 1.0
145 1009 1.0
883 764 1.0
1030 635 1.0
468 277 1.0
944 675 2.0
981 903 1.0
931 117 2.0
673 1034 2.0
1007 971 3.0
314 961 2.0
401 492 1.0
608 861 2.0
664 114 1.0
646 153 2.0
962 1049 1.0
475 900 3.0
484 1005 2.0
342 353 2.0
184 24 6.0
150 128 1.0
447 84 1.0
652 114 7.0
755 78 1.0
370 318 2.0
505 812 1.0
408 748 1.0
53 747 1.0
1001 265 3.0
219 813 2.0
114 1044 1.0
829 545 1.0
373 274 1.0
898 351 1.0
47 700 1.0
198 133 2.0
51 350 1.0
826 340 3.0
779 727 3.0
543 413 3.0
954 128 3.0
600 975 1.0
791 294 1.0
491 475 2.0
485 1029 1.0
927 346 3.0
883 545 1.0
275 809 1.0
91 341 1.0
758 210 4.0
321 114 1.0
981 971 1.0
83 114 1.0
854 390 2.0
750 179 2.0
904 668 4.0
487 800 5.0
826 764 3.0
125 438 3.0
893 1001 2.0
1061 393 12.0
995 640 1.0
518 1020 2.0
677 120 2.0
557 262 1.0
24 887 2.0
134 337 1.0
947 351 1.0
479 764 1.0
353 553 1.0
162 668 4.0
393 703 1.0
1005 971 1.0
683 370 2.0
189 394 1.0
368 678 1.0
962 317 2.0
805 709 1.0
597 114 3.0
817 114 5.0
11 775 5.0
779 908 1.0
692 803 1.0
720 812 9.0
666 24 1.0
544 41 2.0
73 478 1.0
650 960 4.0
58 768 1.0
113 475 2.0
348 179 1.0
484 40 2.0
280 78 2.0
114 63 1.0
1008 353 1.0
1006 971 1.0
1060 809 1.0
337 747 1.0
913 43 1.0
575 114 3.0
109 355 1.0
639 971 1.0
906 778 4.0
662 568 2.0
698 353 4.0
848 185 1.0
24 456 1.0
422 568 1.0
1002 742 1.0
333 974 1.0
307 568 1.0
607 985 1.0
629 1009 2.0
95 763 1.0
697 114 1.0
946 259 1.0
4 903 1.0
682 485 1.0
1003 485 1.0
9 739 2.0
411 185 2.0
811 1009 1.0
660 1014 1.0
365 48 1.0
683 784 1.0
561 433 1.0
248 985 1.0
978 433 2.0
213 1009 4.0
608 1043 2.0
395 996 4.0
213 158 3.0
400 114 6.0
128 812 1.0
485 1023 1.0
962 545 1.0
590 353 2.0
608 328 1.0
532 1014 1.0
391 748 1.0
133 806 1.0
335 1009 1.0
108 114 4.0
950 902 1.0
294 377 2.0
109 1034 1.0
24 668 50.0
473 114 5.0
283 1006 1.0
920 746 1.0
920 716 1.0
834 215 1.0
447 975 1.0
118 114 3.0
473 215 1.0
826 485 3.0
867 1041 1.0
1030 395 1.0
1060 373 1.0
462 355 7.0
482 1009 2.0
916 292 4.0
114 741 1.0
235 633 2.0
732 809 2.0
745 341 1.0
914 62 1.0
183 22 3.0
833 478 1.0
368 114 3.0
260 610 2.0
14 945 2.0
433 179 2.0
943 975 1.0
458 668 4.0
798 509 1.0
605 259 1.0
590 803 2.0
220 141 3.0
936 940 1.0
513 255 1.0
244 217 2.0
218 996 1.0
161 90 6.0
268 1034 7.0
1069 836 2.0
980 1003 1.0
532 384 2.0
747 336 2.0
189 909 1.0
399 373 3.0
483 1005 2.0
608 501 1.0
853 429 1.0
768 545 1.0
614 277 3.0
405 903 1.0
100 114 3.0
437 570 3.0
250 353 1.0
642 1005 4.0
648 205 1.0
751 520 2.0
736 716 1.0
223 408 1.0
1075 903 1.0
65 975 1.0
120 828 1.0
517 353 1.0
429 843 1.0
66 114 1.0
608 853 4.0
446 225 11.0
114 134 2.0
766 1034 1.0
434 179 1.0
47 870 1.0
257 821 1.0
847 1009 1.0
647 79 2.0
486 735 2.0
577 333 2.0
596 655 4.0
622 891 1.0
483 1034 2.0
788 114 1.0
889 812 7.0
868 355 2.0
343 114 1.0
176 568 2.0
232 786 1.0
327 1013 1.0
114 48 3.0
349 730 2.0
113 958 1.0
694 116 2.0
304 485 1.0
327 178 1.0
815 748 7.0
973 485 1.0
833 415 1.0
19 971 1.0
492 114 1.0
670 114 1.0
1051 475 6.0
901 475 2.0
829 567 2.0
570 1000 1.0
17 629 1.0
1002 1010 1.0
664 169 1.0
195 169 1.0
1007 355 1.0
350 716 1.0
819 961 1.0
709 185 1.0
130 194 2.0
437 117 2.0
485 421 3.0
1035 703 1.0
13 1009 2.0
622 669 3.0
72 319 1.0
183 140 1.0
353 34 2.0
1070 114 1.0
184 456 16.0
903 1006 1.0
586 673 1.0
401 830 1.0
221 806 1.0
722 776 2.0
348 401 1.0
232 225 2.0
59 210 1.0
584 117 1.0
1021 407 1.0
1060 353 1.0
479 485 3.0
232 794 1.0
162 158 2.0
935 485 3.0
615 1009 4.0
513 994 2.0
401 77 1.0
862 750 2.0
1025 777 1.0
546 350 1.0
136 429 1.0
191 1009 2.0
32 1044 1.0
878 114 1.0
931 788 1.0
784 370 1.0
184 485 6.0
382 749 1.0
1035 903 2.0
1051 796 2.0
632 1009 1.0
181 483 4.0
60 826 3.0
1067 408 3.0
166 764 1.0
833 1009 1.0
501 79 1.0
653 530 1.0
720 450 2.0
207 764 1.0
871 353 1.0
642 903 1.0
653 1072 1.0
552 353 1.0
573 128 2.0
608 484 1.0
275 341 1.0
395 839 1.0
799 839 1.0
480 240 2.0
729 442 1.0
1030 552 1.0
1060 19 1.0
232 191 4.0
286 179 1.0
340 110 2.0
500 717 1.0
114 529 3.0
888 353 2.0
580 769 4.0
1028 1030 1.0
408 48 1.0
648 85 5.0
568 491 2.0
222 626 1.0
384 806 1.0
99 717 1.0
167 114 5.0
609 128 6.0
367 743 4.0
615 114 4.0
263 296 2.0
200 616 2.0
60 194 3.0
480 851 2.0
730 349 2.0
479 809 1.0
598 771 5.0
576 408 1.0
187 27 1.0
114 369 1.0
778 194 1.0
353 985 3.0
625 114 1.0
889 471 1.0
355 1005 2.0
616 478 1.0
513 804 1.0
26 194 3.0
422 424 2.0
935 300 1.0
586 903 1.0
1017 747 1.0
24 700 12.0
585 268 1.0
708 553 1.0
153 610 2.0
152 1041 1.0
149 903 1.0
1035 328 2.0
1001 953 1.0
494 1056 1.0
114 1053 4.0
100 24 2.0
1089 1009 1.0
373 113 1.0
871 1041 1.0
991 903 1.0
114 160 1.0
568 603 1.0
242 1009 1.0
408 213 1.0
14 1041 2.0
895 1034 2.0
108 764 2.0
291 462 1.0
970 114 1.0
68 909 1.0
1018 953 1.0
1005 1034 1.0
616 373 1.0
139 179 3.0
683 114 2.0
433 747 1.0
274 185 1.0
662 179 4.0
817 422 2.0
785 114 1.0
971 429 1.0
1060 355 2.0
153 475 2.0
6 1009 5.0
230 651 1.0
1084 986 2.0
911 975 1.0
68 1043 1.0
397 764 3.0
1016 43 1.0
797 485 4.0
927 996 1.0
1075 728 1.0
100 478 1.0
396 444 1.0
448 1005 1.0
580 21 2.0
846 1009 2.0
701 1080 1.0
70 777 1.0
100 353 1.0
539 514 8.0
31 179 1.0
1067 114 1.0
809 232 1.0
612 853 1.0
408 668 5.0
117 167 2.0
597 733 1.0
903 501 3.0
213 568 1.0
331 1043 1.0
623 996 1.0
65 353 1.0
114 174 1.0
143 292 1.0
95 996 1.0
649 114 1.0
663 355 2.0
146 581 1.0
36 469 2.0
772 1070 1.0
79 971 1.0
6 730 1.0
341 874 1.0
399 436 1.0
1073 103 1.0
757 1034 1.0
85 179 1.0
213 114 1.0
399 209 2.0
53 169 1.0
460 803 1.0
800 617 1.0
582 747 1.0
653 353 1.0
854 179 1.0
247 678 2.0
909 1005 2.0
551 424 1.0
611 384 1.0
55 408 1.0
47 346 1.0
775 347 1.0
455 1001 1.0
501 451 1.0
902 353 1.0
322 114 1.0
962 57 1.0
39 611 2.0
1073 596 1.0
587 598 1.0
575 341 1.0
128 522 1.0
136 903 1.0
568 812 1.0
727 179 2.0
246 140 3.0
845 568 1.0
173 616 3.0
917 1009 1.0
648 353 1.0
515 128 2.0
832 350 1.0
307 275 1.0
68 971 16.0
53 1041 1.0
625 475 2.0
348 370 2.0
562 40 1.0
1035 1005 2.0
125 114 2.0
531 24 2.0
38 764 1.0
389 812 6.0
533 353 1.0
698 764 2.0
292 485 1.0
573 148 1.0
909 259 1.0
551 248 2.0
1078 1009 4.0
114 223 1.0
478 364 2.0
653 1009 1.0
830 153 1.0
1 629 1.0
698 194 1.0
432 88 3.0
813 830 1.0
196 1009 1.0
45 704 1.0
117 350 1.0
861 94 1.0
220 849 1.0
232 592 1.0
936 1009 3.0
198 384 3.0
663 429 2.0
448 405 3.0
868 363 1.0
52 545 1.0
916 24 2.0
631 971 1.0
564 700 1.0
1091 94 1.0
322 1041 1.0
386 843 1.0
538 527 3.0
311 68 3.0
432 1020 1.0
924 114 1.0
1 174 1.0
870 395 1.0
1017 636 3.0
829 215 1.0
397 539 1.0
1001 353 7.0
797 898 1.0
316 1009 1.0
24 158 10.0
485 1020 1.0
369 545 1.0
848 48 1.0
405 971 3.0
128 821 1.0
280 475 2.0
196 583 4.0
779 68 1.0
270 294 1.0
916 35 1.0
131 194 2.0
614 468 2.0
861 355 1.0
629 185 1.0
397 989 2.0
432 48 1.0
467 179 2.0
725 48 1.0
397 992 1.0
447 265 1.0
709 580 1.0
784 232 1.0
1005 903 1.0
225 908 2.0
250 322 2.0
24 346 2.0
744 921 1.0
595 160 1.0
552 355 1.0
658 812 1.0
322 350 2.0
322 803 1.0
678 552 3.0
1087 958 1.0
1009 582 2.0
771 552 3.0
237 1005 1.0
492 830 1.0
832 802 3.0
515 568 1.0
615 1032 1.0
458 158 2.0
616 113 3.0
11 257 2.0
189 1034 2.0
73 485 2.0
953 274 1.0
97 319 2.0
70 353 1.0
973 750 2.0
934 384 1.0
610 1009 1.0
353 1081 1.0
186 114 1.0
1007 903 1.0
662 968 1.0
401 821 1.0
415 353 1.0
79 1005 1.0
435 194 1.0
832 160 3.0
595 545 1.0
547 150 1.0
67 131 1.0
244 1002 2.0
222 43 1.0
444 764 5.0
85 114 1.0
1009 353 4.0
384 39 2.0
976 777 1.0
395 481 1.0
644 300 1.0
464 520 1.0
535 438 2.0
484 328 1.0
207 114 3.0
316 579 1.0
229 812 6.0
1087 341 1.0
876 478 1.0
492 153 1.0
58 678 1.0
921 114 3.0
39 133 2.0
950 114 1.0
11 970 1.0
58 353 1.0
1029 750 2.0
786 832 2.0
448 903 1.0
951 373 1.0
188 1034 1.0
983 581 1.0
690 1034 1.0
422 128 1.0
642 259 1.0
818 280 1.0
721 436 1.0
552 429 2.0
981 673 1.0
747 651 5.0
160 545 1.0
25 813 2.0
1024 530 1.0
1088 384 2.0
663 254 3.0
607 232 1.0
1008 475 2.0
1035 690 2.0
995 288 1.0
181 501 2.0
868 853 5.0
789 1009 1.0
983 485 1.0
483 971 2.0
1011 421 1.0
725 1009 1.0
916 873 1.0
551 732 1.0
720 668 3.0
213 408 4.0
969 475 2.0
446 353 1.0
449 971 3.0
150 17 1.0
936 434 1.0
542 114 1.0
353 751 1.0
1045 418 2.0
58 167 1.0
916 512 1.0
394 1034 1.0
901 1008 1.0
622 231 1.0
114 573 1.0
989 764 1.0
552 113 1.0
98 568 2.0
607 809 1.0
195 1041 1.0
867 668 1.0
370 128 1.0
367 668 2.0
113 1044 1.0
876 1009 1.0
973 421 1.0
370 454 1.0
411 194 4.0
779 918 2.0
771 598 1.0
584 1009 1.0
670 827 1.0
618 232 2.0
622 24 1.0
783 501 1.0
331 528 1.0
218 110 2.0
408 292 6.0
58 788 1.0
103 786 2.0
795 733 1.0
435 522 1.0
68 903 4.0
920 803 1.0
95 485 1.0
511 817 1.0
608 1005 4.0
551 1009 1.0
649 23 2.0
444 985 1.0
679 117 1.0
150 335 2.0
597 373 1.0
232 797 1.0
798 812 6.0
1007 429 1.0
541 626 1.0
520 958 1.0
859 581 1.0
707 670 1.0
546 1009 1.0
738 803 1.0
907 812 2.0
751 958 4.0
1060 1009 1.0
353 145 1.0
877 114 1.0
247 114 2.0
149 429 1.0
494 194 2.0
810 114 1.0
1040 739 2.0
794 128 2.0
482 13 2.0
838 494 1.0
160 832 3.0
562 262 1.0
653 194 1.0
254 68 2.0
114 545 1.0
677 194 3.0
432 545 1.0
370 568 1.0
381 378 1.0
116 1009 1.0
683 226 1.0
495 615 4.0
237 971 1.0
171 1009 1.0
220 656 1.0
899 114 1.0
823 545 1.0
117 729 7.0
450 164 6.0
408 91 1.0
138 1034 3.0
399 602 1.0
699 809 2.0
732 373 1.0
408 47 2.0
181 1034 5.0
866 114 3.0
114 975 1.0
1052 510 1.0
1059 128 1.0
720 968 1.0
390 24 1.0
690 903 1.0
439 485 1.0
326 594 1.0
293 114 1.0
465 114 5.0
353 575 1.0
1059 832 1.0
622 592 1.0
1035 783 1.0
377 747 1.0
1027 464 1.0
812 849 1.0
968 353 6.0
777 1041 1.0
222 809 1.0
845 764 1.0
145 353 1.0
937 764 2.0
1069 259 1.0
780 351 1.0
815 467 1.0
1091 68 2.0
766 259 1.0
254 24 1.0
577 984 1.0
633 114 2.0
365 675 4.0
136 562 2.0
276 258 2.0
682 433 2.0
852 717 1.0
999 475 1.0
85 194 1.0
1050 283 1.0
745 568 1.0
1024 832 2.0
546 150 1.0
149 971 1.0
657 475 2.0
149 94 1.0
109 94 1.0
808 430 1.0
663 24 2.0
779 651 1.0
173 399 2.0
195 114 1.0
552 19 2.0
485 43 1.0
138 647 1.0
783 1034 5.0
114 350 1.0
637 562 1.0
229 509 1.0
395 643 1.0
114 804 1.0
472 552 1.0
581 485 1.0
250 777 1.0
810 408 1.0
365 485 1.0
44 48 2.0
155 903 2.0
330 830 1.0
1005 925 1.0
289 355 1.0
293 641 1.0
485 668 2.0
866 128 1.0
64 747 2.0
321 169 1.0
353 561 1.0
1085 485 8.0
356 110 2.0
296 992 1.0
353 350 1.0
572 989 1.0
607 568 4.0
8 812 6.0
376 716 1.0
1076 114 1.0
484 647 1.0
572 408 1.0
786 232 2.0
370 475 2.0
691 485 1.0
213 24 1.0
782 1009 1.0
611 332 1.0
638 1009 1.0
299 395 1.0
1059 114 2.0
1091 836 2.0
1027 1044 1.0
435 350 1.0
594 1009 1.0
500 696 1.0
903 355 4.0
768 378 1.0
570 598 1.0
291 355 2.0
311 19 1.0
117 341 1.0
879 794 1.0
348 1009 1.0
287 611 1.0
774 1020 3.0
1017 759 1.0
1060 114 1.0
682 668 1.0
318 114 1.0
114 763 1.0
611 559 1.0
390 205 1.0
461 626 1.0
335 341 1.0
775 114 1.0
961 174 2.0
766 501 1.0
966 353 1.0
1028 759 1.0
769 733 1.0
4 971 1.0
254 839 1.0
678 350 1.0
195 485 1.0
813 114 1.0
324 485 1.0
232 522 1.0
408 1009 1.0
307 1055 1.0
953 205 1.0
991 1034 1.0
989 353 1.0
335 832 1.0
194 485 2.0
1016 983 1.0
571 43 1.0
795 1044 1.0
188 971 1.0
213 764 2.0
988 158 1.0
109 783 4.0
218 485 1.0
511 670 1.0
1031 232 1.0
444 427 1.0
457 1009 1.0
266 522 1.0
632 668 1.0
114 185 2.0
120 1009 2.0
31 813 2.0
889 658 2.0
355 903 1.0
293 179 1.0
503 436 1.0
568 923 1.0
1030 433 1.0
659 903 1.0
340 750 2.0
348 77 1.0
638 518 1.0
501 259 1.0
484 68 1.0
268 484 4.0
608 40 1.0
514 114 1.0
748 764 3.0
100 797 1.0
664 764 1.0
384 198 2.0
879 424 1.0
307 114 1.0
893 353 2.0
132 777 1.0
834 764 1.0
791 270 1.0
530 597 2.0
27 821 1.0
406 971 1.0
843 386 1.0
117 832 1.0
212 232 1.0
753 204 2.0
81 353 2.0
683 330 1.0
136 94 1.0
13 747 1.0
779 747 3.0
609 568 1.0
330 786 1.0
1062 169 1.0
1027 383 1.0
114 85 1.0
747 265 4.0
213 353 2.0
980 996 1.0
385 986 1.0
376 803 1.0
162 700 3.0
709 1001 1.0
517 747 1.0
395 927 1.0
694 789 6.0
621 1082 1.0
732 353 1.0
627 478 1.0
19 764 2.0
114 432 1.0
795 464 1.0
893 85 1.0
1063 24 1.0
764 804 1.0
931 353 1.0
156 397 1.0
1017 487 1.0
294 353 1.0
579 316 1.0
19 114 1.0
513 958 1.0
698 1070 1.0
27 967 1.0
1035 528 1.0
106 346 1.0
1074 820 2.0
911 1009 1.0
757 971 1.0
166 169 1.0
381 629 1.0
888 764 1.0
965 353 1.0
677 353 1.0
567 545 1.0
550 716 1.0
219 348 1.0
587 584 1.0
330 542 1.0
257 194 1.0
333 944 2.0
455 1072 1.0
1049 62 1.0
936 113 6.0
414 609 2.0
291 408 1.0
225 24 1.0
462 971 1.0
675 114 3.0
512 353 2.0
829 428 1.0
98 809 1.0
1025 353 1.0
26 1047 1.0
393 793 1.0
779 158 3.0
674 786 1.0
43 485 1.0
28 24 3.0
114 330 2.0
466 395 1.0
331 1034 9.0
350 803 1.0
260 112 1.0
991 673 1.0
127 353 1.0
