12 10 2.0
58 61 3.0
24 45 20.0
5 48 2.0
40 61 6.0
69 25 4.0
3 36 2.0
42 31 8.0
3 41 7.0
48 18 19.0
5 18 52.0
67 30 1.0
52 10 1.0
51 37 2.0
6 41 8.0
32 51 28.0
34 41 7.0
51 28 105.0
58 36 2.0
5 38 19.0
51 56 14.0
30 41 3.0
51 48 22.0
25 4 3.0
38 25 9.0
33 52 7.0
23 45 3.0
32 48 10.0
31 25 7.0
25 48 11.0
52 36 1.0
61 41 2.0
31 48 4.0
2 63 11.0
10 22 2.0
7 50 6.0
67 36 2.0
20 30 4.0
67 28 9.0
40 41 10.0
51 29 5.0
54 30 2.0
31 45 7.0
60 53 11.0
25 18 24.0
19 36 3.0
33 36 5.0
57 38 18.0
25 21 14.0
6 28 9.0
21 18 5.0
33 10 4.0
5 45 19.0
10 19 4.0
19 50 12.0
30 56 2.0
57 4 5.0
31 18 3.0
27 55 4.0
51 1 2.0
32 18 9.0
22 69 13.0
67 61 3.0
32 28 12.0
58 41 7.0
10 46 2.0
24 18 43.0
10 12 3.0
33 30 3.0
31 38 3.0
67 41 8.0
24 38 20.0
11 61 5.0
50 38 3.0
32 41 2.0
27 66 2.0
16 61 2.0
9 61 5.0
53 10 1.0
51 18 21.0
22 51 9.0
33 32 5.0
57 18 4.0
21 37 4.0
36 10 2.0
20 51 4.0
10 33 4.0
57 45 19.0
48 1 7.0
48 65 20.0
29 36 2.0
16 40 3.0
51 21 6.0
30 28 4.0
42 51 15.0
65 18 4.0
32 30 5.0
33 48 1.0
15 14 19.0
9 26 4.0
69 31 17.0
53 48 13.0
52 51 3.0
37 63 6.0
17 61 3.0
17 26 4.0
38 4 3.0
12 42 7.0
16 41 4.0
37 2 6.0
20 33 21.0
19 8 1.0
34 36 1.0
40 26 5.0
37 39 4.0
42 25 1.0
51 63 1.0
50 48 2.0
33 67 1.0
22 48 3.0
23 38 2.0
20 32 3.0
69 21 2.0
56 36 1.0
50 8 4.0
45 57 1.0
10 60 3.0
39 63 1.0
50 45 3.0
16 36 2.0
33 17 1.0
22 45 2.0
45 38 2.0
33 6 1.0
6 61 3.0
11 41 7.0
33 27 5.0
44 38 3.0
25 35 3.0
34 26 10.0
25 1 1.0
33 53 8.0
14 15 1.0
52 53 2.0
53 36 1.0
45 23 1.0
12 51 5.0
33 54 4.0
9 41 7.0
69 13 1.0
22 52 5.0
39 37 1.0
12 52 4.0
12 36 2.0
42 36 1.0
40 36 2.0
26 28 2.0
48 37 5.0
58 26 5.0
26 41 3.0
62 56 1.0
33 16 1.0
17 41 5.0
11 26 6.0
3 61 5.0
53 63 1.0
33 40 1.0
50 7 2.0
31 35 1.0
5 49 1.0
52 47 1.0
41 61 4.0
67 56 1.0
29 56 1.0
33 68 1.0
9 36 1.0
69 45 2.0
33 34 1.0
47 53 2.0
32 1 1.0
10 36 1.0
19 68 1.0
38 18 1.0
33 20 1.0
12 45 1.0
69 48 2.0
44 45 3.0
11 36 1.0
33 60 3.0
50 25 2.0
6 56 1.0
33 9 1.0
33 11 1.0
50 18 1.0
24 48 2.0
53 18 1.0
10 68 1.0
7 45 1.0
31 36 2.0
45 44 1.0
33 3 1.0
45 24 1.0
6 36 1.0
34 61 8.0
26 30 1.0
52 60 1.0
3 26 4.0
33 58 1.0
16 26 11.0
6 30 1.0
17 36 2.0
15 36 2.0
33 51 1.0
35 18 1.0
42 45 1.0
22 53 4.0
