129 432 2.0
44 518 23.0
381 186 2.0
523 550 2.0
5 551 9.0
492 180 2.0
319 568 1.0
310 325 2.0
310 68 2.0
47 8 2.0
231 15 8.0
304 137 4.0
391 340 15.0
316 233 6.0
354 147 12.0
448 152 17.0
471 347 2.0
93 440 4.0
506 173 14.0
229 570 2.0
309 8 2.0
553 68 2.0
324 340 2.0
517 124 1.0
370 270 16.0
52 396 1.0
460 218 3.0
29 466 8.0
405 268 2.0
324 466 8.0
97 280 2.0
237 102 1.0
273 223 22.0
486 357 6.0
75 15 6.0
453 295 14.0
387 62 6.0
442 254 3.0
471 377 4.0
515 415 1.0
448 88 4.0
15 206 8.0
315 102 2.0
49 550 1.0
313 510 5.0
98 558 3.0
93 143 37.0
66 539 4.0
160 362 2.0
148 68 4.0
130 314 2.0
384 352 3.0
169 567 6.0
5 475 6.0
97 469 14.0
489 103 8.0
564 366 13.0
561 314 14.0
255 204 4.0
352 466 1.0
20 3 1.0
65 375 2.0
456 8 3.0
367 288 1.0
105 34 20.0
180 405 2.0
528 426 3.0
217 466 35.0
467 346 25.0
462 539 11.0
283 432 1.0
494 466 3.0
442 360 1.0
275 446 1.0
15 508 2.0
376 441 6.0
136 204 2.0
315 426 3.0
534 551 1.0
339 2 19.0
449 568 5.0
519 157 11.0
76 146 1.0
64 87 6.0
287 466 4.0
109 78 2.0
278 107 2.0
255 440 70.0
115 510 7.0
84 280 3.0
39 163 3.0
200 288 2.0
208 158 3.0
172 224 1.0
113 202 12.0
509 360 7.0
209 280 2.0
153 186 15.0
355 411 25.0
154 288 1.0
348 360 1.0
94 242 12.0
533 290 4.0
365 466 2.0
527 112 23.0
328 8 10.0
263 368 2.0
171 330 4.0
67 288 1.0
523 261 2.0
444 481 2.0
1 3 1.0
277 223 4.0
406 260 2.0
41 432 2.0
568 187 3.0
203 102 33.0
519 466 3.0
531 360 2.0
337 352 2.0
368 469 7.0
153 288 2.0
218 510 5.0
490 55 3.0
372 334 7.0
485 558 3.0
440 466 6.0
315 464 2.0
553 9 2.0
399 508 3.0
92 528 1.0
469 466 6.0
305 523 1.0
391 360 8.0
287 8 1.0
152 39 16.0
167 152 26.0
462 90 6.0
418 218 21.0
160 112 5.0
310 268 7.0
99 8 2.0
520 268 1.0
303 553 13.0
284 2 1.0
57 39 29.0
126 9 90.0
331 452 2.0
416 570 3.0
372 466 2.0
278 368 2.0
389 466 5.0
405 360 2.0
523 501 1.0
413 242 1.0
189 141 2.0
315 110 1.0
324 8 2.0
237 466 2.0
377 241 1.0
136 405 7.0
108 251 1.0
431 207 2.0
151 110 1.0
72 224 1.0
283 56 2.0
37 146 2.0
53 360 1.0
41 68 4.0
396 470 3.0
528 68 2.0
323 362 2.0
142 466 18.0
523 207 2.0
255 466 23.0
350 325 10.0
302 573 1.0
167 250 5.0
527 340 3.0
448 39 10.0
341 335 1.0
194 431 4.0
458 224 2.0
298 535 1.0
427 438 1.0
228 335 1.0
211 9 4.0
124 288 1.0
350 505 1.0
226 281 2.0
521 340 35.0
46 540 2.0
57 534 6.0
255 147 1.0
506 102 2.0
310 296 1.0
81 466 2.0
229 68 2.0
369 359 3.0
357 352 2.0
506 360 4.0
7 86 1.0
542 141 8.0
533 292 9.0
319 546 1.0
196 170 5.0
506 362 1.0
507 223 2.0
284 551 5.0
231 207 1.0
129 508 6.0
523 325 3.0
108 68 4.0
447 280 4.0
302 15 12.0
519 86 1.0
50 466 4.0
301 466 3.0
250 466 4.0
475 68 4.0
500 210 4.0
231 352 1.0
492 413 18.0
187 426 3.0
506 39 68.0
299 253 2.0
279 60 1.0
50 110 1.0
213 295 4.0
135 296 3.0
484 432 1.0
365 541 6.0
568 335 1.0
243 66 5.0
269 288 2.0
156 484 15.0
477 466 2.0
144 352 6.0
503 288 1.0
112 70 2.0
521 360 28.0
67 280 2.0
211 124 1.0
187 510 5.0
277 570 11.0
382 8 2.0
474 39 6.0
467 352 11.0
234 253 12.0
440 446 7.0
118 558 7.0
574 352 2.0
432 232 2.0
331 109 2.0
477 8 3.0
552 296 3.0
302 431 8.0
282 466 10.0
526 570 9.0
191 206 19.0
144 137 14.0
175 360 2.0
128 41 9.0
381 499 5.0
64 224 3.0
550 570 6.0
274 163 1.0
393 143 2.0
440 147 1.0
141 268 2.0
217 296 4.0
255 464 2.0
15 515 1.0
15 280 1.0
67 518 1.0
319 141 3.0
136 110 1.0
37 466 3.0
413 415 2.0
247 360 16.0
315 346 1.0
109 177 2.0
458 288 1.0
278 321 2.0
297 24 1.0
160 466 2.0
301 223 2.0
542 352 4.0
404 469 1.0
238 568 2.0
137 426 3.0
507 204 1.0
372 518 8.0
524 68 1.0
112 466 2.0
302 110 17.0
221 374 38.0
231 112 3.0
253 157 3.0
248 296 28.0
378 569 4.0
129 466 2.0
478 360 1.0
125 432 24.0
495 265 4.0
388 466 2.0
136 9 2.0
259 390 2.0
12 146 2.0
136 280 9.0
351 515 5.0
385 440 2.0
201 528 11.0
201 491 2.0
299 466 7.0
198 466 9.0
400 569 5.0
56 293 1.0
302 558 5.0
239 508 1.0
500 404 2.0
142 30 1.0
145 466 2.0
261 368 1.0
411 143 9.0
131 5 3.0
326 9 2.0
275 323 9.0
447 535 1.0
352 68 5.0
53 146 10.0
496 559 2.0
124 480 2.0
523 68 2.0
219 236 5.0
168 348 2.0
449 8 5.0
405 335 1.0
7 17 3.0
294 558 1.0
550 223 5.0
57 432 2.0
509 46 11.0
391 286 10.0
368 7 5.0
302 50 20.0
88 250 1.0
574 337 10.0
507 8 4.0
45 288 2.0
190 366 1.0
492 157 6.0
303 466 3.0
383 254 2.0
52 124 1.0
337 558 2.0
411 446 5.0
390 270 3.0
310 420 2.0
500 368 2.0
324 415 5.0
546 458 1.0
328 466 4.0
91 331 5.0
534 5 3.0
447 360 5.0
566 362 2.0
160 381 1.0
492 523 1.0
228 360 1.0
562 8 2.0
301 122 6.0
17 567 2.0
513 518 7.0
203 107 1.0
189 110 1.0
381 83 2.0
565 209 1.0
145 352 1.0
194 469 5.0
116 319 5.0
542 8 6.0
442 236 5.0
8 352 2.0
319 572 1.0
193 236 5.0
334 296 4.0
303 360 1.0
431 362 5.0
552 15 1.0
324 286 1.0
532 5 4.0
313 426 6.0
413 280 1.0
277 466 7.0
384 61 4.0
261 124 1.0
307 65 3.0
391 56 7.0
8 9 4.0
11 245 7.0
527 466 5.0
574 118 3.0
550 68 5.0
8 288 6.0
237 390 2.0
315 466 6.0
212 360 1.0
286 18 1.0
570 223 13.0
15 296 3.0
276 157 2.0
179 197 1.0
209 268 3.0
500 110 2.0
103 466 3.0
249 420 2.0
210 285 3.0
320 83 33.0
414 280 4.0
58 426 3.0
362 157 1.0
217 15 9.0
319 337 64.0
255 262 6.0
74 236 14.0
86 466 3.0
146 360 1.0
15 438 2.0
71 327 2.0
144 296 5.0
534 288 2.0
523 10 2.0
277 280 2.0
194 56 1.0
523 446 1.0
440 502 2.0
350 466 6.0
254 510 6.0
408 466 7.0
422 452 3.0
365 368 1.0
563 345 1.0
231 110 2.0
200 466 3.0
565 130 1.0
331 311 1.0
459 443 6.0
194 66 9.0
302 226 4.0
542 466 3.0
258 423 2.0
574 9 3.0
432 570 1.0
350 360 1.0
538 575 1.0
433 8 3.0
81 432 1.0
160 68 2.0
231 420 2.0
498 570 1.0
440 330 2.0
218 426 3.0
468 268 2.0
365 124 3.0
505 288 1.0
53 288 1.0
139 122 2.0
433 288 2.0
255 280 18.0
432 68 5.0
181 352 2.0
52 432 1.0
73 558 3.0
179 219 2.0
47 466 2.0
144 157 7.0
350 523 2.0
196 112 2.0
168 8 1.0
50 523 1.0
190 466 1.0
570 68 4.0
406 528 17.0
156 288 1.0
480 483 7.0
166 215 1.0
267 296 12.0
102 110 1.0
381 9 3.0
550 537 4.0
281 68 2.0
570 340 4.0
337 9 6.0
218 398 3.0
523 362 3.0
328 368 3.0
364 466 2.0
346 98 4.0
33 9 1.0
28 325 1.0
331 512 1.0
212 77 5.0
178 335 1.0
389 15 3.0
405 110 2.0
137 323 5.0
258 322 1.0
278 424 2.0
568 360 1.0
52 572 1.0
552 570 1.0
515 204 4.0
416 466 3.0
302 403 8.0
342 420 1.0
327 485 1.0
153 1 2.0
231 106 1.0
194 403 6.0
109 246 2.0
142 426 3.0
86 280 2.0
279 319 3.0
63 360 1.0
35 28 12.0
229 352 2.0
424 400 1.0
226 481 5.0
447 8 7.0
217 257 3.0
189 505 2.0
208 28 3.0
278 185 2.0
8 523 6.0
198 8 1.0
136 296 13.0
39 466 2.0
392 236 5.0
304 206 3.0
321 288 1.0
35 281 3.0
255 157 2.0
511 288 1.0
473 210 5.0
504 230 6.0
139 346 2.0
523 334 1.0
484 68 2.0
41 360 1.0
271 460 1.0
447 466 6.0
184 224 1.0
443 360 1.0
331 278 3.0
243 481 5.0
217 134 1.0
96 18 12.0
135 325 3.0
165 280 5.0
469 264 3.0
302 102 15.0
212 68 2.0
402 92 3.0
155 325 2.0
255 362 3.0
530 110 1.0
310 432 1.0
354 157 1.0
214 8 3.0
427 110 1.0
178 8 2.0
509 570 8.0
224 432 1.0
134 548 1.0
523 508 3.0
42 107 2.0
277 204 2.0
551 2 1.0
389 163 2.0
182 478 3.0
492 415 8.0
390 440 1.0
319 396 1.0
49 66 3.0
56 18 3.0
316 215 3.0
130 432 1.0
286 215 3.0
450 335 1.0
25 550 2.0
393 414 4.0
440 482 3.0
255 349 2.0
302 466 3.0
45 8 2.0
413 362 2.0
217 446 6.0
141 68 3.0
11 157 5.0
222 4 1.0
327 204 1.0
496 68 4.0
136 466 5.0
442 68 2.0
44 501 6.0
365 8 2.0
76 352 3.0
427 352 1.0
388 56 14.0
489 8 2.0
235 292 1.0
252 28 2.0
267 158 3.0
255 446 4.0
268 280 1.0
231 548 2.0
405 223 2.0
527 290 1.0
183 15 1.0
319 92 1.0
327 68 3.0
278 400 2.0
576 442 5.0
302 78 1.0
350 280 2.0
433 466 3.0
142 280 7.0
563 299 1.0
480 410 4.0
294 360 1.0
307 403 2.0
46 432 1.0
46 268 2.0
256 8 3.0
319 345 1.0
440 352 3.0
167 39 15.0
435 108 9.0
49 455 4.0
291 288 1.0
350 158 4.0
484 558 3.0
431 512 1.0
364 130 1.0
217 67 1.0
14 59 4.0
294 8 1.0
198 280 2.0
389 110 18.0
6 209 5.0
361 466 3.0
548 493 1.0
192 400 1.0
183 558 5.0
326 360 1.0
434 548 1.0
223 340 1.0
403 68 2.0
368 415 2.0
207 276 4.0
266 426 3.0
358 360 1.0
573 335 1.0
255 413 5.0
8 362 4.0
198 523 12.0
180 446 3.0
430 572 1.0
300 432 2.0
8 446 1.0
498 446 1.0
555 512 1.0
272 202 14.0
136 8 4.0
23 464 2.0
27 8 2.0
501 466 2.0
253 86 1.0
502 68 2.0
517 288 2.0
351 550 6.0
37 8 5.0
118 3 1.0
365 352 1.0
391 466 3.0
142 446 3.0
286 157 2.0
309 159 1.0
517 8 3.0
471 66 5.0
267 281 4.0
45 352 1.0
142 276 1.0
144 8 1.0
131 288 2.0
471 246 1.0
144 523 1.0
559 204 1.0
363 8 3.0
568 236 5.0
285 68 2.0
89 531 4.0
500 505 4.0
559 68 2.0
278 535 3.0
365 9 4.0
97 466 6.0
136 340 9.0
279 407 2.0
531 335 2.0
169 288 4.0
142 523 3.0
456 228 8.0
214 288 2.0
124 268 2.0
459 8 4.0
511 68 2.0
226 296 2.0
529 446 2.0
190 171 4.0
115 426 6.0
189 80 1.0
144 570 2.0
302 124 1.0
358 288 1.0
522 8 3.0
147 157 3.0
96 157 2.0
161 212 4.0
63 68 2.0
338 288 2.0
121 224 1.0
315 163 3.0
486 352 1.0
389 455 5.0
431 403 2.0
76 8 1.0
255 209 3.0
136 352 1.0
319 443 2.0
24 163 2.0
271 360 1.0
249 558 2.0
467 570 1.0
25 276 1.0
295 330 1.0
198 325 1.0
161 8 3.0
15 70 1.0
353 548 2.0
319 312 1.0
185 335 1.0
302 523 12.0
35 548 1.0
350 137 1.0
25 469 2.0
515 112 1.0
314 280 2.0
552 281 1.0
324 103 2.0
102 403 6.0
263 204 1.0
502 523 1.0
30 558 1.0
543 437 10.0
14 535 1.0
122 68 6.0
193 148 3.0
6 352 1.0
375 482 1.0
67 464 2.0
523 40 1.0
196 70 1.0
401 352 11.0
39 340 1.0
224 68 2.0
559 268 2.0
443 313 3.0
357 318 6.0
142 360 8.0
312 41 2.0
32 341 2.0
202 270 2.0
319 9 2.0
471 481 5.0
61 46 1.0
231 505 1.0
224 510 5.0
346 550 1.0
126 358 5.0
292 426 12.0
252 325 1.0
69 508 6.0
494 8 3.0
553 288 1.0
24 204 1.0
246 548 3.0
443 288 1.0
539 68 1.0
196 466 3.0
515 268 1.0
150 335 1.0
565 417 1.0
250 288 2.0
331 565 2.0
315 280 2.0
213 202 2.0
37 352 1.0
15 231 1.0
287 464 2.0
180 310 1.0
460 236 5.0
194 539 4.0
58 510 3.0
255 202 7.0
124 280 2.0
144 204 1.0
209 432 1.0
73 155 1.0
475 551 3.0
402 159 1.0
501 451 1.0
175 337 2.0
389 102 13.0
320 360 8.0
270 330 1.0
492 432 2.0
319 460 1.0
427 508 1.0
545 360 1.0
231 204 2.0
507 466 2.0
273 570 3.0
216 207 2.0
511 330 3.0
496 570 2.0
309 572 6.0
266 68 2.0
170 70 12.0
326 426 5.0
445 251 1.0
372 523 1.0
391 204 1.0
15 112 4.0
492 56 3.0
450 426 3.0
440 280 11.0
151 204 1.0
181 288 7.0
304 73 1.0
331 258 2.0
303 9 4.0
142 160 2.0
294 466 5.0
540 360 1.0
173 280 1.0
286 166 3.0
523 518 3.0
416 229 9.0
175 523 2.0
217 8 1.0
515 570 1.0
430 524 1.0
20 293 1.0
449 288 1.0
320 9 5.0
9 118 3.0
279 139 2.0
514 479 1.0
136 360 4.0
550 362 1.0
400 68 2.0
541 360 2.0
469 18 2.0
413 314 5.0
364 352 1.0
284 5 3.0
270 280 5.0
179 185 1.0
425 150 2.0
534 250 1.0
447 103 2.0
25 110 1.0
382 565 4.0
302 353 2.0
217 550 1.0
350 296 12.0
50 548 1.0
189 368 1.0
315 204 1.0
257 204 3.0
574 8 2.0
57 250 5.0
404 110 1.0
552 143 3.0
392 288 1.0
101 380 3.0
320 335 2.0
140 335 1.0
53 124 1.0
65 417 1.0
282 280 3.0
404 466 4.0
570 349 2.0
341 360 1.0
8 207 2.0
161 77 3.0
523 415 3.0
358 465 1.0
342 249 6.0
449 466 3.0
334 518 4.0
24 346 1.0
278 60 1.0
391 432 8.0
180 75 2.0
550 340 5.0
329 558 2.0
15 325 5.0
37 288 3.0
267 466 3.0
179 344 2.0
324 570 3.0
364 318 4.0
278 192 2.0
509 204 1.0
390 50 1.0
278 80 2.0
510 454 2.0
345 108 2.0
523 158 2.0
179 124 1.0
47 228 3.0
404 280 1.0
405 570 1.0
222 8 3.0
118 335 1.0
426 544 7.0
353 481 2.0
258 134 2.0
231 394 1.0
400 362 2.0
287 280 2.0
8 4 4.0
394 204 1.0
185 288 1.0
9 288 2.0
385 359 2.0
523 420 3.0
25 523 1.0
436 38 1.0
295 280 1.0
179 335 3.0
173 466 6.0
137 223 2.0
471 8 1.0
452 550 3.0
230 325 3.0
156 360 8.0
489 466 5.0
175 160 2.0
543 205 1.0
69 432 2.0
302 28 2.0
15 204 4.0
8 466 2.0
526 340 5.0
389 550 1.0
474 173 3.0
397 501 10.0
216 432 2.0
206 22 15.0
88 5 3.0
377 481 2.0
216 362 2.0
509 523 2.0
150 212 1.0
486 466 2.0
143 446 2.0
177 548 2.0
566 157 1.0
7 3 1.0
329 352 2.0
216 427 8.0
527 360 1.0
5 215 1.0
527 464 2.0
202 330 1.0
175 288 5.0
547 8 1.0
507 515 1.0
261 197 1.0
477 400 1.0
214 466 2.0
255 227 2.0
39 288 4.0
421 8 1.0
231 518 2.0
535 499 1.0
136 180 2.0
370 280 6.0
30 335 1.0
350 204 1.0
338 17 2.0
392 528 2.0
350 570 2.0
144 466 3.0
243 352 1.0
279 417 1.0
179 107 1.0
382 352 2.0
194 86 1.0
391 523 2.0
41 288 1.0
243 134 2.0
275 523 1.0
198 103 2.0
183 231 3.0
323 548 1.0
506 188 1.0
135 28 2.0
52 280 4.0
319 383 1.0
467 204 4.0
309 392 3.0
182 288 2.0
52 358 1.0
261 535 1.0
427 112 1.0
444 66 2.0
12 335 2.0
67 466 4.0
82 548 2.0
545 432 1.0
165 502 14.0
216 438 1.0
237 15 1.0
361 102 1.0
175 499 1.0
160 499 5.0
117 106 6.0
355 280 4.0
488 293 2.0
181 9 3.0
19 77 8.0
500 288 1.0
107 360 1.0
432 335 1.0
7 268 2.0
369 375 1.0
458 236 5.0
363 335 2.0
320 140 4.0
237 110 1.0
255 46 1.0
473 8 3.0
299 426 3.0
123 396 1.0
8 570 2.0
273 340 4.0
217 180 2.0
345 337 2.0
5 2 2.0
182 8 3.0
507 570 5.0
76 157 3.0
469 432 1.0
354 466 2.0
58 432 1.0
121 360 1.0
331 51 1.0
481 352 2.0
349 68 1.0
443 236 5.0
144 323 4.0
229 485 1.0
547 127 1.0
96 316 1.0
357 558 2.0
391 352 1.0
220 228 2.0
203 16 2.0
159 8 1.0
389 535 1.0
284 48 3.0
350 8 2.0
145 288 4.0
144 340 2.0
302 455 2.0
531 288 2.0
39 24 1.0
250 464 2.0
568 288 1.0
151 95 2.0
337 118 5.0
44 466 4.0
139 496 2.0
555 469 6.0
35 466 3.0
24 404 1.0
427 420 1.0
15 362 2.0
93 446 1.0
41 335 1.0
200 121 3.0
279 51 1.0
555 86 2.0
255 415 3.0
109 241 1.0
136 124 2.0
158 28 1.0
281 466 4.0
527 8 1.0
492 466 2.0
302 535 1.0
122 559 3.0
189 573 1.0
532 48 4.0
346 204 2.0
319 450 1.0
61 417 1.0
15 518 3.0
209 314 2.0
130 268 3.0
515 558 2.0
388 264 1.0
63 236 5.0
360 451 1.0
301 8 2.0
148 510 5.0
186 118 1.0
401 466 5.0
16 358 1.0
477 214 3.0
39 446 6.0
344 360 1.0
208 575 1.0
167 432 3.0
266 510 6.0
328 352 2.0
194 157 2.0
121 87 1.0
243 423 1.0
222 460 9.0
180 132 5.0
350 304 4.0
540 413 1.0
282 281 6.0
507 340 1.0
132 330 1.0
309 335 1.0
207 86 1.0
509 340 6.0
320 118 9.0
283 276 4.0
214 352 1.0
366 560 1.0
485 204 2.0
254 426 3.0
47 337 2.0
122 426 3.0
510 68 2.0
216 180 4.0
109 82 2.0
46 314 2.0
500 204 1.0
523 438 3.0
523 22 3.0
479 265 4.0
39 223 5.0
304 280 1.0
153 118 4.0
445 288 1.0
359 539 1.0
405 9 2.0
319 154 1.0
210 288 1.0
179 573 1.0
447 288 4.0
211 30 4.0
160 110 2.0
219 335 1.0
47 360 1.0
200 8 3.0
405 352 2.0
264 18 3.0
460 335 1.0
214 276 1.0
497 505 2.0
547 288 2.0
270 68 2.0
284 68 2.0
345 181 1.0
390 446 1.0
56 264 3.0
286 360 3.0
478 224 1.0
304 281 4.0
228 432 4.0
179 442 2.0
434 134 1.0
414 143 3.0
142 362 5.0
64 432 1.0
343 204 1.0
393 280 2.0
392 68 2.0
291 8 3.0
408 280 2.0
72 184 1.0
141 280 2.0
526 466 3.0
549 102 1.0
54 335 2.0
239 119 1.0
15 110 2.0
506 157 5.0
391 570 21.0
164 439 3.0
311 538 1.0
532 551 5.0
142 288 6.0
389 523 3.0
179 348 1.0
506 570 4.0
494 72 3.0
550 360 2.0
160 432 1.0
150 288 1.0
176 17 1.0
298 368 1.0
26 407 7.0
20 567 2.0
179 341 1.0
263 210 2.0
130 280 2.0
198 446 1.0
427 518 1.0
371 432 1.0
413 268 3.0
275 352 1.0
528 34 3.0
522 288 1.0
312 337 2.0
263 505 4.0
261 573 1.0
543 490 1.0
219 288 1.0
471 508 3.0
319 228 1.0
181 360 1.0
473 466 2.0
569 242 1.0
396 360 1.0
255 558 2.0
231 158 1.0
315 446 1.0
155 558 5.0
526 223 4.0
246 508 1.0
84 466 4.0
136 358 2.0
446 428 1.0
460 398 2.0
226 325 2.0
39 15 4.0
278 358 2.0
467 523 1.0
323 374 1.0
285 510 6.0
137 362 2.0
179 141 4.0
440 143 4.0
523 15 2.0
12 358 3.0
145 312 1.0
236 330 3.0
435 335 1.0
54 197 3.0
286 570 3.0
294 367 1.0
256 154 4.0
220 337 2.0
77 426 3.0
15 420 2.0
344 236 5.0
244 147 2.0
199 387 6.0
217 423 1.0
63 115 3.0
16 60 1.0
377 347 1.0
389 558 2.0
527 204 1.0
346 163 1.0
448 432 2.0
97 352 1.0
319 478 1.0
129 246 1.0
142 157 3.0
109 347 2.0
468 280 1.0
154 68 1.0
246 134 1.0
315 404 2.0
331 555 2.0
314 68 2.0
263 288 1.0
381 553 2.0
78 508 1.0
144 360 1.0
440 359 2.0
503 335 1.0
50 102 1.0
83 9 1.0
137 296 2.0
8 157 1.0
179 371 1.0
243 353 4.0
99 321 1.0
535 567 2.0
52 403 1.0
403 66 4.0
182 466 3.0
484 360 1.0
210 236 5.0
556 251 1.0
145 41 3.0
217 523 6.0
107 288 1.0
346 68 5.0
17 127 1.0
180 171 1.0
391 215 1.0
53 466 5.0
129 8 1.0
263 106 2.0
303 118 1.0
128 8 4.0
278 573 2.0
438 330 1.0
30 360 1.0
137 340 2.0
178 219 5.0
515 10 2.0
263 80 2.0
118 240 1.0
228 68 4.0
283 566 3.0
350 340 2.0
460 68 2.0
30 288 2.0
115 432 2.0
549 110 1.0
136 288 1.0
465 199 2.0
440 213 2.0
212 288 1.0
142 505 2.0
190 268 2.0
141 360 2.0
13 233 6.0
231 362 2.0
478 172 1.0
278 124 2.0
324 352 3.0
432 330 1.0
440 432 1.0
162 508 5.0
297 523 1.0
555 407 2.0
300 466 2.0
219 266 3.0
245 316 2.0
315 270 3.0
102 66 2.0
337 360 1.0
481 66 4.0
198 15 4.0
256 288 3.0
279 61 2.0
344 68 2.0
261 505 7.0
6 466 2.0
430 360 1.0
102 60 2.0
324 515 2.0
372 296 2.0
145 8 2.0
565 413 1.0
466 280 5.0
530 335 1.0
523 366 1.0
300 508 6.0
557 68 2.0
355 558 4.0
453 280 1.0
167 131 4.0
175 352 3.0
39 360 2.0
272 280 3.0
298 24 1.0
384 8 1.0
263 420 1.0
568 68 1.0
235 50 1.0
27 288 1.0
50 431 1.0
118 336 1.0
331 241 1.0
320 124 4.0
30 9 1.0
186 360 1.0
405 112 4.0
153 466 3.0
420 296 1.0
319 193 1.0
425 8 3.0
73 325 1.0
555 56 2.0
302 469 1.0
405 381 1.0
238 299 1.0
473 285 2.0
404 518 1.0
527 446 1.0
431 157 1.0
180 160 2.0
173 39 8.0
284 475 1.0
16 288 1.0
302 377 2.0
278 371 2.0
243 548 3.0
15 310 2.0
33 335 1.0
7 360 1.0
368 56 4.0
267 28 6.0
572 260 1.0
433 360 1.0
343 257 6.0
495 479 3.0
411 502 2.0
557 548 1.0
331 322 1.0
547 176 2.0
75 446 1.0
523 110 3.0
313 432 2.0
65 359 2.0
500 535 2.0
216 466 4.0
211 358 1.0
350 352 3.0
136 446 2.0
329 183 1.0
124 466 1.0
80 288 1.0
528 432 1.0
231 40 1.0
239 548 1.0
237 446 1.0
526 360 2.0
573 288 1.0
175 108 3.0
42 16 1.0
432 204 1.0
86 18 2.0
82 508 1.0
47 288 4.0
67 360 2.0
529 68 2.0
108 360 1.0
552 446 1.0
107 335 1.0
371 360 1.0
179 210 2.0
298 141 2.0
142 352 1.0
138 110 1.0
571 169 8.0
337 336 1.0
277 340 2.0
542 288 1.0
385 482 1.0
314 432 2.0
143 280 2.0
197 288 1.0
338 8 1.0
561 280 6.0
502 446 6.0
151 404 1.0
308 545 1.0
137 325 2.0
455 481 3.0
448 250 4.0
160 288 4.0
126 545 1.0
404 163 2.0
542 337 2.0
89 60 2.0
8 204 2.0
52 573 1.0
197 360 1.0
227 68 1.0
169 8 1.0
245 56 2.0
523 548 4.0
538 60 1.0
42 124 1.0
381 326 2.0
69 352 1.0
153 335 1.0
411 295 2.0
471 352 1.0
181 335 1.0
123 8 3.0
42 60 1.0
300 352 1.0
118 251 1.0
327 570 3.0
408 326 3.0
476 8 4.0
228 288 1.0
118 288 2.0
154 335 1.0
216 110 1.0
346 570 1.0
108 288 1.0
569 164 1.0
52 368 1.0
259 280 1.0
434 40 1.0
303 445 1.0
348 288 1.0
20 360 5.0
400 7 3.0
573 360 1.0
439 164 1.0
50 362 1.0
273 360 2.0
371 288 1.0
334 420 1.0
312 181 1.0
411 280 5.0
147 253 2.0
76 466 2.0
308 8 1.0
538 241 1.0
81 288 1.0
25 505 1.0
434 423 1.0
538 417 1.0
8 104 7.0
217 70 2.0
144 446 1.0
404 25 1.0
574 124 1.0
509 466 2.0
259 210 1.0
304 415 1.0
331 407 2.0
80 360 1.0
8 68 2.0
15 281 1.0
5 68 1.0
39 68 2.0
131 284 1.0
331 208 2.0
7 413 2.0
527 432 1.0
198 70 1.0
107 101 1.0
390 330 1.0
6 8 1.0
16 407 2.0
71 466 2.0
337 3 1.0
71 204 5.0
253 464 4.0
7 335 1.0
113 280 7.0
363 383 3.0
160 268 3.0
53 8 2.0
86 264 3.0
304 352 2.0
576 335 1.0
97 523 1.0
315 223 2.0
226 158 2.0
255 68 1.0
152 250 6.0
65 482 3.0
83 118 1.0
267 548 1.0
324 280 4.0
250 505 2.0
179 396 1.0
427 362 1.0
408 288 1.0
342 558 1.0
408 352 1.0
326 268 2.0
401 520 3.0
405 160 1.0
558 356 1.0
76 426 3.0
396 288 1.0
175 8 3.0
294 9 1.0
302 432 2.0
537 68 1.0
130 43 1.0
523 111 1.0
414 466 4.0
15 428 1.0
106 438 1.0
286 340 2.0
550 352 2.0
239 549 1.0
431 276 2.0
392 524 2.0
275 466 2.0
444 455 3.0
348 335 1.0
175 466 2.0
211 288 8.0
383 442 1.0
259 440 2.0
50 204 1.0
324 204 2.0
320 288 4.0
441 415 1.0
315 570 1.0
217 280 9.0
250 39 2.0
93 523 2.0
344 335 1.0
267 134 1.0
192 176 1.0
16 9 1.0
187 432 1.0
304 268 2.0
218 34 3.0
337 251 1.0
263 511 1.0
497 404 1.0
113 213 1.0
214 362 2.0
59 567 1.0
462 407 2.0
529 390 1.0
277 8 4.0
310 281 1.0
471 78 1.0
576 8 2.0
180 352 4.0
108 432 2.0
141 335 1.0
319 344 1.0
527 70 5.0
39 362 2.0
287 536 1.0
112 330 1.0
122 570 2.0
263 523 2.0
319 121 1.0
294 280 1.0
379 362 1.0
160 103 2.0
421 80 2.0
95 68 1.0
492 362 3.0
231 508 2.0
216 523 5.0
47 220 1.0
572 392 1.0
8 280 1.0
139 51 1.0
7 68 2.0
442 288 1.0
372 446 1.0
388 157 1.0
506 340 6.0
471 466 2.0
553 360 1.0
126 288 4.0
476 63 3.0
455 51 1.0
405 296 2.0
197 333 1.0
527 570 1.0
427 310 1.0
319 72 1.0
211 368 1.0
258 40 2.0
517 466 3.0
278 9 2.0
204 330 1.0
456 335 1.0
528 510 3.0
530 404 1.0
217 352 1.0
226 575 1.0
526 204 2.0
286 111 1.0
550 426 3.0
37 193 4.0
392 360 2.0
505 110 1.0
329 15 1.0
500 80 2.0
249 296 1.0
432 104 2.0
405 280 1.0
288 360 1.0
379 204 1.0
481 68 2.0
96 432 2.0
357 22 1.0
214 400 1.0
496 426 3.0
25 204 1.0
505 335 1.0
53 280 1.0
319 41 1.0
202 280 1.0
358 335 1.0
433 546 3.0
459 335 3.0
277 68 1.0
348 472 2.0
214 523 2.0
371 335 1.0
413 227 2.0
25 56 1.0
72 458 1.0
228 251 1.0
124 360 1.0
550 559 2.0
523 204 3.0
304 405 2.0
281 280 2.0
45 30 1.0
156 118 2.0
463 335 1.0
480 525 4.0
299 352 1.0
103 68 1.0
185 360 1.0
126 335 2.0
53 352 2.0
302 548 1.0
142 432 2.0
332 450 2.0
217 432 1.0
189 535 1.0
545 335 1.0
498 340 2.0
303 124 1.0
214 505 1.0
141 288 1.0
35 296 3.0
278 14 1.0
217 570 2.0
302 204 1.0
446 330 1.0
467 466 2.0
302 508 2.0
450 360 1.0
466 68 2.0
316 18 1.0
346 352 2.0
162 432 3.0
148 426 3.0
15 330 1.0
455 550 2.0
126 124 9.0
298 80 1.0
435 288 1.0
245 233 3.0
494 288 2.0
402 335 2.0
344 58 3.0
569 104 1.0
538 51 1.0
413 43 1.0
351 204 3.0
269 511 3.0
455 204 2.0
319 63 2.0
243 40 1.0
193 68 1.0
7 569 1.0
304 325 3.0
359 375 2.0
1 360 1.0
65 403 2.0
541 288 2.0
389 573 1.0
123 288 2.0
574 466 2.0
468 43 1.0
290 70 1.0
193 360 1.0
353 322 1.0
337 22 1.0
88 551 1.0
556 124 1.0
129 352 1.0
364 8 1.0
239 163 2.0
108 335 1.0
214 569 2.0
31 3 1.0
217 325 1.0
289 179 2.0
67 523 2.0
120 187 4.0
1 288 1.0
463 371 2.0
382 466 2.0
541 335 1.0
44 280 4.0
239 68 2.0
54 8 1.0
384 466 2.0
302 325 4.0
84 8 3.0
405 204 1.0
546 224 1.0
192 17 1.0
361 358 1.0
478 458 1.0
146 9 2.0
321 360 1.0
416 204 1.0
165 446 1.0
217 287 6.0
545 288 1.0
8 215 1.0
405 68 6.0
231 180 2.0
538 512 1.0
84 288 1.0
50 295 2.0
442 335 1.0
319 60 1.0
571 59 2.0
368 86 1.0
389 124 1.0
368 68 2.0
302 423 1.0
179 383 1.0
183 446 2.0
507 103 2.0
506 548 2.0
93 558 1.0
286 362 2.0
402 8 1.0
492 43 1.0
354 8 1.0
500 396 2.0
117 438 1.0
76 539 1.0
515 352 1.0
324 523 1.0
477 288 1.0
271 398 1.0
312 288 2.0
137 352 3.0
15 548 2.0
263 110 2.0
126 573 4.0
440 68 2.0
138 505 1.0
377 508 2.0
136 523 7.0
294 381 4.0
416 8 1.0
81 424 1.0
401 288 1.0
509 446 2.0
50 325 1.0
298 505 2.0
285 426 3.0
212 335 1.0
394 570 2.0
150 77 2.0
315 536 1.0
220 288 2.0
173 536 1.0
427 548 1.0
90 407 1.0
255 8 1.0
45 466 2.0
25 362 1.0
523 106 2.0
307 66 1.0
319 219 1.0
354 352 1.0
32 335 1.0
136 570 4.0
231 347 1.0
291 466 2.0
63 335 1.0
452 51 1.0
545 341 1.0
355 446 2.0
534 284 1.0
61 357 2.0
319 442 1.0
528 524 3.0
198 570 1.0
168 335 1.0
250 110 1.0
173 464 2.0
79 204 1.0
39 570 2.0
198 290 1.0
69 8 1.0
126 556 1.0
269 432 1.0
545 371 1.0
23 299 2.0
128 288 3.0
255 432 2.0
295 270 2.0
175 345 3.0
340 360 3.0
137 204 1.0
521 8 1.0
52 460 1.0
500 573 1.0
92 491 1.0
81 8 1.0
309 288 1.0
69 82 1.0
405 340 2.0
81 360 2.0
469 147 1.0
20 362 1.0
276 566 1.0
255 130 1.0
88 288 2.0
243 466 2.0
389 239 2.0
9 558 3.0
142 180 2.0
298 197 1.0
328 360 2.0
223 570 1.0
381 146 2.0
527 523 1.0
76 9 1.0
541 9 1.0
83 360 1.0
522 344 3.0
121 458 1.0
535 160 1.0
277 103 2.0
77 68 2.0
538 322 1.0
146 268 2.0
301 340 1.0
501 280 1.0
216 352 4.0
331 60 1.0
9 335 1.0
302 86 1.0
368 268 2.0
546 225 1.0
263 438 1.0
237 568 1.0
562 573 1.0
87 224 1.0
278 197 2.0
532 475 1.0
466 268 1.0
198 432 1.0
517 352 1.0
153 9 1.0
302 550 1.0
408 360 1.0
527 15 1.0
189 24 1.0
188 404 1.0
266 432 1.0
509 352 2.0
93 280 5.0
279 311 1.0
252 73 1.0
27 107 1.0
404 261 2.0
532 2 2.0
519 8 1.0
45 124 1.0
42 288 2.0
140 360 1.0
506 177 1.0
498 523 2.0
511 360 1.0
263 197 2.0
231 286 1.0
131 250 1.0
137 288 4.0
440 180 2.0
198 204 1.0
308 288 1.0
217 558 1.0
225 224 1.0
63 288 1.0
460 360 2.0
231 501 1.0
145 337 2.0
92 392 1.0
160 280 3.0
159 288 2.0
440 15 1.0
217 560 1.0
423 557 1.0
319 220 1.0
264 157 1.0
497 368 1.0
350 362 1.0
211 8 2.0
263 535 2.0
500 124 2.0
84 14 1.0
498 390 1.0
229 204 1.0
137 360 2.0
175 505 1.0
69 466 2.0
320 523 1.0
485 570 1.0
507 286 1.0
396 68 1.0
332 8 1.0
217 464 2.0
401 523 2.0
310 280 2.0
341 288 1.0
284 250 1.0
365 288 7.0
326 280 1.0
391 110 1.0
331 575 1.0
313 68 2.0
15 415 2.0
217 340 2.0
427 160 1.0
196 292 1.0
76 288 1.0
218 432 1.0
492 352 1.0
416 111 1.0
46 280 1.0
136 505 3.0
412 50 1.0
539 407 1.0
15 466 2.0
527 518 1.0
515 22 1.0
160 360 2.0
231 415 2.0
280 21 1.0
35 134 1.0
179 545 1.0
427 204 1.0
263 396 2.0
385 46 1.0
217 138 1.0
506 432 1.0
197 335 1.0
520 124 1.0
250 446 1.0
46 43 1.0
85 503 1.0
115 68 2.0
346 559 1.0
443 335 1.0
486 8 1.0
219 68 2.0
355 523 2.0
404 204 1.0
331 417 1.0
497 110 1.0
243 8 1.0
43 318 1.0
421 288 1.0
320 466 3.0
535 20 1.0
393 466 1.0
440 314 3.0
427 268 1.0
126 31 1.0
432 360 1.0
329 446 1.0
572 528 1.0
450 288 1.0
310 466 2.0
41 251 1.0
146 280 1.0
482 330 1.0
304 296 3.0
42 9 2.0
506 466 2.0
332 335 1.0
519 352 1.0
138 523 1.0
353 40 1.0
289 174 1.0
392 335 1.0
361 390 7.0
285 432 1.0
4 111 3.0
476 335 2.0
337 288 1.0
502 15 1.0
435 8 3.0
160 352 2.0
294 352 1.0
9 360 2.0
273 204 1.0
231 334 1.0
8 505 1.0
216 508 1.0
50 508 1.0
12 8 1.0
368 293 2.0
124 335 1.0
255 523 7.0
275 276 1.0
189 197 1.0
98 22 1.0
427 405 1.0
501 518 1.0
67 446 1.0
316 166 1.0
553 558 1.0
429 404 1.0
136 276 1.0
396 335 1.0
207 469 1.0
33 288 1.0
506 377 1.0
25 86 1.0
402 288 1.0
186 9 1.0
319 150 1.0
319 212 1.0
408 8 1.0
99 288 1.0
560 415 1.0
299 280 1.0
259 102 1.0
140 288 1.0
210 360 1.0
209 43 1.0
210 68 2.0
98 570 1.0
76 86 1.0
565 357 6.0
5 437 1.0
398 68 1.0
460 288 1.0
39 548 2.0
375 318 1.0
148 432 1.0
324 360 1.0
298 573 1.0
88 284 1.0
418 398 1.0
79 412 1.0
193 288 1.0
20 288 1.0
98 204 1.0
231 325 2.0
319 210 1.0
300 8 1.0
124 68 1.0
260 528 1.0
207 56 1.0
405 288 1.0
338 127 1.0
263 573 2.0
116 141 1.0
549 404 1.0
219 360 1.0
146 68 1.0
1 335 1.0
504 325 1.0
46 204 1.0
8 335 7.0
344 288 1.0
278 348 2.0
175 535 1.0
235 15 1.0
381 360 1.0
511 335 1.0
254 432 1.0
140 336 1.0
145 360 1.0
491 528 1.0
530 505 2.0
337 240 1.0
203 42 1.0
10 22 1.0
502 280 2.0
250 280 1.0
154 360 1.0
131 551 1.0
455 570 1.0
319 108 1.0
72 360 1.0
301 570 3.0
177 508 1.0
193 335 1.0
337 335 1.0
179 450 1.0
292 290 1.0
498 8 1.0
239 204 1.0
231 438 2.0
49 481 1.0
255 305 1.0
7 288 1.0
210 335 1.0
261 80 1.0
347 508 1.0
404 274 1.0
562 288 1.0
153 523 1.0
427 325 1.0
443 68 2.0
275 8 1.0
300 177 1.0
432 288 1.0
190 415 2.0
401 30 1.0
220 181 1.0
456 288 2.0
180 15 1.0
286 316 1.0
291 185 1.0
341 432 1.0
15 304 1.0
255 325 1.0
416 352 1.0
509 432 1.0
571 567 1.0
523 347 1.0
40 557 1.0
232 104 1.0
31 535 1.0
302 56 1.0
136 362 1.0
458 360 2.0
47 352 1.0
255 570 1.0
298 110 1.0
216 446 1.0
126 80 5.0
217 288 1.0
231 366 1.0
484 9 1.0
297 246 1.0
473 288 2.0
8 111 3.0
144 362 1.0
141 466 1.0
379 570 1.0
185 101 1.0
345 288 2.0
299 523 1.0
304 548 1.0
503 360 1.0
494 184 1.0
