127 35 1.0
59 120 12.0
28 123 5.0
2 138 6.0
131 90 5.0
51 118 11.0
74 120 6.0
114 120 6.0
74 56 6.0
74 64 8.0
91 26 2.0
11 79 3.0
86 137 1.0
104 42 8.0
56 135 29.0
148 19 6.0
28 2 23.0
87 27 1.0
59 167 8.0
51 74 6.0
104 96 5.0
59 160 1.0
23 81 4.0
104 61 8.0
131 74 4.0
45 167 2.0
15 2 1.0
71 2 1.0
110 120 9.0
70 60 3.0
155 89 4.0
129 87 3.0
163 28 18.0
74 31 2.0
141 124 1.0
123 56 3.0
85 115 2.0
51 96 11.0
153 78 1.0
125 138 2.0
25 4 2.0
107 145 3.0
163 51 5.0
2 33 5.0
34 67 8.0
13 2 3.0
106 86 1.0
1 37 5.0
61 104 5.0
104 4 2.0
31 144 7.0
123 120 3.0
13 145 3.0
13 56 1.0
78 137 1.0
89 10 3.0
152 73 3.0
138 8 6.0
104 146 2.0
12 136 1.0
3 14 2.0
81 69 10.0
108 125 6.0
2 164 2.0
86 32 6.0
153 30 6.0
83 137 3.0
141 167 2.0
1 128 5.0
91 137 7.0
138 16 1.0
86 161 8.0
28 16 3.0
74 12 2.0
146 104 5.0
5 156 2.0
33 16 1.0
160 120 2.0
46 45 3.0
28 167 4.0
75 107 20.0
73 16 1.0
134 147 3.0
15 140 2.0
28 84 2.0
69 64 2.0
61 66 2.0
109 58 5.0
134 74 3.0
61 160 6.0
61 98 2.0
112 137 1.0
70 2 2.0
75 161 4.0
163 56 1.0
76 103 5.0
104 12 1.0
104 35 4.0
25 120 10.0
104 117 4.0
75 145 3.0
129 161 2.0
61 65 1.0
104 152 3.0
9 124 13.0
5 44 3.0
114 167 6.0
104 64 4.0
70 56 1.0
141 145 3.0
49 64 2.0
104 62 2.0
152 90 1.0
131 122 2.0
36 104 7.0
140 15 6.0
104 36 8.0
84 56 3.0
28 152 3.0
142 79 1.0
51 110 2.0
114 56 1.0
141 98 5.0
74 99 1.0
60 69 1.0
166 22 3.0
74 4 6.0
119 139 6.0
87 46 6.0
44 5 8.0
6 135 3.0
104 93 6.0
36 120 1.0
46 137 1.0
56 124 21.0
122 74 6.0
51 137 1.0
125 137 1.0
116 71 6.0
12 99 1.0
125 161 2.0
130 137 3.0
45 120 2.0
59 64 2.0
118 148 2.0
129 145 3.0
1 151 1.0
114 51 5.0
28 164 2.0
104 50 16.0
51 56 8.0
152 51 5.0
71 145 3.0
129 51 5.0
51 124 7.0
84 120 5.0
146 137 3.0
118 56 1.0
110 99 1.0
36 51 6.0
163 90 5.0
165 104 1.0
28 118 17.0
91 47 1.0
147 134 8.0
28 33 4.0
28 25 6.0
51 81 2.0
110 64 4.0
1 137 4.0
88 68 3.0
59 56 2.0
123 74 1.0
141 90 8.0
167 72 1.0
66 139 5.0
131 51 5.0
60 81 1.0
81 64 2.0
134 51 3.0
160 64 2.0
94 75 6.0
86 10 2.0
11 26 1.0
84 74 6.0
55 145 6.0
75 74 16.0
115 74 2.0
90 161 4.0
13 124 3.0
134 137 2.0
28 161 6.0
131 56 1.0
167 98 17.0
28 137 1.0
120 4 2.0
16 57 2.0
101 39 1.0
24 78 1.0
125 155 5.0
157 96 5.0
120 64 4.0
84 137 1.0
161 148 4.0
16 137 3.0
95 132 4.0
104 16 2.0
166 26 1.0
90 51 3.0
2 17 2.0
3 8 1.0
28 120 5.0
86 106 1.0
104 74 4.0
128 79 4.0
126 56 1.0
13 151 3.0
30 153 2.0
28 17 2.0
13 110 3.0
66 56 1.0
104 76 10.0
1 122 2.0
14 39 1.0
107 161 4.0
21 55 8.0
104 165 4.0
102 112 2.0
141 120 8.0
108 5 2.0
129 46 4.0
104 161 1.0
97 28 6.0
104 90 1.0
125 145 3.0
143 167 5.0
55 161 10.0
149 45 4.0
85 74 4.0
126 139 1.0
45 149 2.0
46 2 4.0
11 54 6.0
115 85 5.0
51 161 5.0
1 91 3.0
44 39 1.0
156 10 1.0
117 127 1.0
51 8 6.0
81 72 1.0
81 23 2.0
59 98 5.0
29 137 2.0
80 64 2.0
134 145 3.0
150 7 8.0
13 45 4.0
89 56 2.0
150 39 1.0
55 54 5.0
13 161 2.0
42 124 1.0
13 138 2.0
101 43 6.0
55 74 3.0
13 25 1.0
75 64 2.0
33 17 2.0
7 2 1.0
24 41 3.0
104 77 2.0
66 61 5.0
71 148 4.0
51 148 2.0
46 74 2.0
28 74 11.0
148 51 1.0
148 84 2.0
119 56 1.0
22 18 3.0
114 90 5.0
42 160 5.0
28 138 4.0
46 17 2.0
104 137 2.0
71 116 2.0
43 48 2.0
104 120 25.0
13 38 2.0
46 148 2.0
123 124 1.0
141 51 5.0
120 65 1.0
45 16 1.0
13 120 2.0
151 13 8.0
113 148 2.0
158 26 1.0
109 26 1.0
137 162 1.0
46 129 3.0
2 121 2.0
104 56 3.0
109 32 1.0
25 99 1.0
46 25 2.0
1 79 6.0
96 56 1.0
3 137 1.0
59 104 3.0
125 48 2.0
118 100 1.0
16 29 3.0
102 37 1.0
104 30 2.0
2 16 1.0
74 167 6.0
60 100 1.0
23 72 1.0
75 167 7.0
51 45 3.0
16 120 6.0
108 44 1.0
107 98 2.0
46 138 2.0
55 51 3.0
59 141 3.0
74 49 2.0
104 127 3.0
13 118 6.0
25 12 1.0
45 60 2.0
55 137 1.0
128 91 2.0
157 167 2.0
59 124 3.0
57 137 3.0
89 124 2.0
161 56 2.0
66 104 2.0
99 12 1.0
32 86 8.0
102 157 2.0
127 2 3.0
13 51 3.0
33 137 3.0
143 4 1.0
61 119 2.0
128 130 5.0
71 137 1.0
67 137 1.0
42 104 3.0
110 4 2.0
55 2 2.0
140 78 1.0
39 2 1.0
67 34 2.0
133 137 2.0
20 133 2.0
123 81 2.0
57 2 1.0
51 98 6.0
42 167 1.0
33 132 1.0
160 124 1.0
127 104 5.0
13 16 2.0
112 104 2.0
23 4 1.0
123 99 1.0
104 59 2.0
146 76 1.0
37 137 2.0
28 8 1.0
41 137 1.0
4 64 2.0
29 73 1.0
163 145 3.0
128 111 3.0
167 105 2.0
141 56 1.0
13 83 3.0
67 56 4.0
102 138 2.0
74 80 2.0
28 51 3.0
25 64 4.0
163 124 1.0
36 161 4.0
110 100 1.0
41 65 1.0
102 45 1.0
154 37 2.0
134 159 3.0
125 52 2.0
86 2 3.0
55 21 6.0
75 2 1.0
5 2 2.0
75 94 2.0
159 65 1.0
27 120 5.0
45 81 1.0
102 83 1.0
21 54 2.0
61 167 1.0
98 64 2.0
114 145 3.0
14 3 5.0
45 137 1.0
125 108 2.0
100 65 1.0
123 12 1.0
110 12 1.0
15 137 1.0
61 56 1.0
16 2 2.0
94 39 1.0
84 98 3.0
51 84 12.0
125 5 2.0
158 79 1.0
82 144 1.0
45 4 1.0
46 16 1.0
59 114 3.0
26 79 1.0
13 8 1.0
142 150 1.0
27 78 1.0
107 100 1.0
43 2 1.0
2 100 1.0
42 98 1.0
163 120 1.0
159 105 1.0
51 64 1.0
91 166 1.0
85 4 1.0
114 124 1.0
46 87 2.0
160 104 1.0
159 124 1.0
41 24 2.0
95 137 1.0
28 60 2.0
46 167 1.0
147 39 1.0
167 120 2.0
61 124 1.0
166 79 1.0
86 145 3.0
123 4 1.0
7 137 1.0
61 74 2.0
148 113 1.0
84 110 1.0
21 39 1.0
93 64 1.0
67 2 1.0
148 46 1.0
163 97 2.0
154 137 3.0
148 161 2.0
136 99 1.0
28 64 2.0
2 137 2.0
73 137 1.0
47 166 1.0
146 103 1.0
104 99 1.0
162 137 1.0
104 160 16.0
167 64 2.0
165 127 1.0
27 137 3.0
152 161 4.0
134 2 2.0
125 51 3.0
166 44 1.0
157 4 1.0
7 150 3.0
45 110 2.0
116 39 1.0
13 137 2.0
148 4 2.0
45 2 2.0
27 16 1.0
86 74 3.0
93 120 2.0
143 72 1.0
109 79 1.0
157 45 1.0
45 8 1.0
30 137 1.0
167 4 1.0
74 122 2.0
43 101 2.0
27 64 3.0
131 145 3.0
132 137 1.0
41 121 1.0
42 74 2.0
134 161 2.0
81 4 1.0
27 72 2.0
167 143 2.0
32 58 1.0
5 137 1.0
84 167 2.0
32 39 1.0
43 137 1.0
117 104 1.0
107 120 1.0
46 98 1.0
33 138 2.0
4 120 1.0
28 81 2.0
28 97 2.0
45 74 5.0
39 16 1.0
30 2 1.0
28 9 2.0
35 104 1.0
62 104 2.0
86 58 1.0
28 98 4.0
28 148 2.0
25 2 1.0
60 74 2.0
120 136 1.0
46 8 1.0
151 39 1.0
39 78 1.0
3 2 1.0
149 27 1.0
81 120 2.0
74 137 1.0
115 122 1.0
97 27 1.0
70 8 1.0
83 120 1.0
53 35 1.0
36 124 1.0
131 124 1.0
40 135 1.0
75 137 1.0
104 124 2.0
104 103 1.0
51 167 3.0
85 105 1.0
128 137 4.0
81 105 2.0
118 105 1.0
125 113 2.0
142 26 1.0
113 56 6.0
72 4 1.0
78 162 1.0
84 4 1.0
34 39 1.0
85 137 1.0
11 21 1.0
42 56 1.0
27 4 1.0
27 162 1.0
62 56 1.0
43 8 1.0
148 118 1.0
1 154 1.0
131 120 1.0
4 72 1.0
158 147 1.0
122 27 1.0
121 137 1.0
125 2 1.0
91 79 4.0
120 121 1.0
46 120 1.0
