803 307 2.0
510 797 3.0
592 394 1.0
589 142 6.0
864 807 15.0
791 76 6.0
347 267 1.0
474 771 44.0
32 677 38.0
370 266 10.0
805 671 7.0
71 758 8.0
370 554 14.0
794 554 11.0
366 370 6.0
7 174 2.0
323 771 16.0
624 358 6.0
174 462 35.0
568 554 2.0
553 532 37.0
500 554 1.0
386 307 1.0
428 287 28.0
506 554 7.0
341 309 7.0
3 127 21.0
347 462 11.0
34 554 7.0
662 318 2.0
786 279 2.0
718 554 2.0
123 583 3.0
201 829 1.0
147 852 10.0
397 771 14.0
207 27 2.0
307 155 5.0
291 276 6.0
504 127 13.0
814 519 6.0
553 307 20.0
794 101 2.0
156 127 11.0
144 307 3.0
390 719 4.0
645 307 11.0
876 678 18.0
468 291 3.0
820 781 2.0
772 678 3.0
599 554 1.0
223 678 4.0
480 807 14.0
646 677 4.0
651 127 23.0
803 142 3.0
304 307 11.0
119 466 10.0
91 678 8.0
709 307 17.0
595 471 4.0
428 719 21.0
407 678 37.0
532 719 4.0
880 705 1.0
350 771 8.0
772 719 2.0
279 678 22.0
111 309 1.0
656 94 1.0
307 554 41.0
307 490 24.0
407 554 49.0
120 330 5.0
828 554 5.0
476 340 13.0
116 614 5.0
645 876 10.0
887 151 5.0
677 671 48.0
488 519 12.0
733 871 6.0
133 307 2.0
834 60 7.0
290 771 11.0
579 678 13.0
90 307 3.0
174 307 22.0
606 554 3.0
532 186 6.0
407 355 6.0
178 739 3.0
858 462 1.0
767 532 33.0
274 519 4.0
117 719 5.0
813 355 5.0
301 678 2.0
645 678 17.0
829 678 17.0
601 671 8.0
29 307 12.0
280 668 3.0
512 554 6.0
246 771 8.0
882 880 1.0
779 678 3.0
695 554 2.0
694 765 9.0
472 765 5.0
771 671 27.0
728 598 2.0
870 667 1.0
264 829 11.0
12 309 1.0
224 590 9.0
346 127 7.0
41 537 15.0
527 797 1.0
517 554 2.0
261 678 2.0
619 678 6.0
361 462 7.0
467 583 3.0
726 261 3.0
543 790 2.0
474 678 10.0
163 394 1.0
677 17 3.0
833 678 8.0
537 307 47.0
207 678 18.0
490 307 22.0
662 678 1.0
66 462 19.0
124 118 11.0
127 119 4.0
590 898 13.0
280 355 3.0
658 85 34.0
282 159 10.0
277 355 2.0
524 307 10.0
152 98 1.0
508 671 34.0
734 479 7.0
765 671 7.0
858 501 2.0
103 758 22.0
79 877 2.0
11 554 3.0
533 13 6.0
155 671 22.0
635 797 1.0
592 554 2.0
149 365 1.0
679 678 5.0
578 823 1.0
66 771 14.0
644 771 17.0
488 479 6.0
461 719 4.0
314 678 18.0
219 333 18.0
119 501 9.0
710 900 1.0
66 719 19.0
332 554 4.0
279 307 9.0
72 307 11.0
428 519 33.0
834 498 1.0
215 307 3.0
813 447 13.0
220 706 3.0
280 554 12.0
604 569 3.0
866 554 8.0
853 771 22.0
532 771 11.0
209 678 3.0
415 678 3.0
66 866 11.0
404 519 6.0
332 307 8.0
81 554 3.0
443 383 1.0
301 95 21.0
828 744 11.0
494 307 1.0
283 719 1.0
65 251 13.0
434 719 2.0
258 593 1.0
559 436 5.0
224 768 3.0
640 647 17.0
157 42 7.0
585 771 10.0
819 781 2.0
839 671 6.0
367 678 3.0
323 678 23.0
119 678 1.0
726 341 11.0
297 684 9.0
23 576 1.0
123 554 8.0
855 656 4.0
150 554 2.0
569 554 6.0
873 554 1.0
99 675 1.0
436 307 3.0
877 719 3.0
813 678 9.0
783 307 4.0
615 287 17.0
282 119 4.0
317 355 2.0
68 807 14.0
247 756 2.0
358 616 3.0
127 307 11.0
363 85 17.0
709 771 8.0
154 519 7.0
843 554 1.0
66 599 5.0
323 17 1.0
123 719 1.0
210 576 5.0
7 562 15.0
81 27 6.0
845 771 1.0
41 719 2.0
833 771 14.0
346 554 1.0
524 355 2.0
662 103 2.0
419 761 5.0
567 678 5.0
888 508 1.0
492 417 3.0
224 678 6.0
690 849 1.0
752 135 1.0
279 318 2.0
805 719 2.0
544 678 6.0
530 764 7.0
119 362 6.0
42 170 3.0
358 303 4.0
80 519 4.0
272 713 2.0
206 554 4.0
492 719 33.0
677 387 1.0
612 355 2.0
863 870 4.0
752 496 1.0
124 593 1.0
161 462 6.0
174 119 6.0
174 599 6.0
756 263 6.0
174 771 7.0
537 709 10.0
760 829 5.0
801 554 6.0
232 678 3.0
863 678 10.0
612 678 7.0
508 343 7.0
363 104 1.0
428 771 40.0
836 678 3.0
56 501 1.0
415 307 3.0
762 840 9.0
604 513 4.0
895 379 2.0
102 137 4.0
836 307 3.0
278 719 6.0
796 355 4.0
900 307 7.0
467 719 7.0
553 900 6.0
829 719 6.0
272 554 3.0
688 498 1.0
45 519 3.0
369 554 5.0
602 227 2.0
514 713 1.0
775 678 3.0
595 307 15.0
719 307 6.0
36 771 12.0
307 103 21.0
807 554 4.0
174 554 27.0
500 127 11.0
209 69 3.0
828 681 3.0
529 119 8.0
295 355 2.0
227 781 7.0
174 617 1.0
604 403 3.0
627 307 1.0
370 103 2.0
286 177 4.0
141 554 1.0
492 57 3.0
780 554 4.0
645 377 4.0
115 554 3.0
339 889 4.0
646 583 4.0
11 84 4.0
870 519 8.0
347 554 10.0
688 307 19.0
87 771 45.0
497 538 1.0
887 119 4.0
373 554 2.0
538 394 3.0
703 533 4.0
733 776 2.0
733 242 4.0
482 671 21.0
613 339 1.0
752 587 1.0
752 307 7.0
540 186 1.0
775 15 3.0
785 177 8.0
428 185 7.0
149 251 2.0
870 418 1.0
769 656 4.0
290 210 3.0
563 554 1.0
66 307 30.0
6 828 5.0
153 866 3.0
81 719 2.0
864 771 6.0
767 554 8.0
91 119 1.0
140 554 2.0
706 678 1.0
329 343 4.0
879 705 1.0
697 462 10.0
314 719 2.0
710 719 2.0
199 719 5.0
359 678 1.0
161 771 34.0
694 839 9.0
753 671 29.0
462 599 1.0
318 576 4.0
797 355 7.0
840 861 2.0
19 554 8.0
505 60 7.0
688 678 2.0
279 233 3.0
760 758 13.0
753 438 22.0
853 70 3.0
304 678 9.0
189 394 1.0
329 554 3.0
898 516 4.0
376 554 3.0
422 771 6.0
189 17 3.0
140 227 1.0
234 519 10.0
890 251 9.0
113 395 2.0
419 314 6.0
462 249 9.0
467 388 17.0
252 554 2.0
707 705 1.0
752 678 6.0
66 576 1.0
781 519 3.0
462 519 25.0
201 554 33.0
540 771 8.0
225 678 2.0
887 2 3.0
787 554 2.0
728 307 1.0
726 364 3.0
26 852 4.0
726 32 2.0
771 719 20.0
709 17 6.0
295 320 15.0
32 307 4.0
210 554 4.0
537 852 4.0
178 320 13.0
870 678 19.0
360 554 2.0
771 267 2.0
863 719 5.0
30 309 3.0
524 771 5.0
482 719 6.0
849 543 1.0
497 719 1.0
863 677 11.0
127 309 4.0
815 39 2.0
74 856 7.0
796 678 12.0
595 355 4.0
433 383 3.0
169 852 7.0
428 894 6.0
814 307 3.0
254 840 13.0
174 719 10.0
387 671 6.0
445 678 3.0
220 852 2.0
340 20 5.0
184 840 9.0
621 554 1.0
297 719 3.0
347 771 10.0
318 554 20.0
307 267 8.0
242 309 1.0
357 554 7.0
272 355 2.0
775 719 4.0
66 678 20.0
506 480 1.0
280 462 22.0
488 615 13.0
677 753 22.0
462 771 21.0
263 69 7.0
102 532 9.0
726 588 4.0
189 554 2.0
808 719 5.0
166 554 12.0
822 39 1.0
206 678 1.0
301 754 3.0
34 261 3.0
491 583 3.0
85 554 15.0
144 395 2.0
131 753 8.0
712 554 1.0
771 307 11.0
529 307 15.0
124 706 1.0
72 593 4.0
876 713 1.0
336 516 10.0
137 421 8.0
679 267 4.0
700 119 3.0
734 519 14.0
107 797 4.0
828 307 3.0
620 364 10.0
595 771 8.0
751 7 1.0
506 267 6.0
314 307 10.0
11 562 7.0
659 554 16.0
505 307 12.0
876 307 12.0
117 554 3.0
681 554 12.0
415 304 3.0
304 719 5.0
835 167 16.0
849 554 3.0
93 272 3.0
831 34 24.0
66 179 15.0
724 521 20.0
410 554 1.0
734 615 16.0
590 516 9.0
548 343 1.0
492 307 76.0
180 519 14.0
662 760 3.0
558 267 6.0
797 830 3.0
887 307 6.0
828 17 3.0
537 318 3.0
213 251 4.0
375 554 11.0
134 554 11.0
320 501 3.0
881 307 1.0
658 307 5.0
677 589 1.0
870 583 1.0
687 554 6.0
188 219 3.0
759 656 4.0
553 554 7.0
386 554 3.0
785 878 13.0
285 227 2.0
849 707 1.0
232 554 5.0
320 307 11.0
585 32 2.0
449 436 4.0
346 678 1.0
183 32 2.0
726 411 7.0
712 729 1.0
461 554 11.0
795 213 1.0
466 307 3.0
827 266 12.0
132 415 1.0
514 307 4.0
88 333 7.0
320 593 2.0
393 539 1.0
6 719 2.0
301 853 7.0
318 201 6.0
639 318 1.0
701 678 7.0
347 583 3.0
377 671 17.0
391 705 1.0
678 729 4.0
193 570 5.0
203 840 5.0
126 307 1.0
808 821 2.0
529 678 13.0
167 226 45.0
870 261 6.0
551 85 15.0
453 613 3.0
445 792 3.0
699 554 3.0
51 554 5.0
831 519 6.0
390 771 21.0
34 727 2.0
476 333 43.0
526 307 6.0
210 429 2.0
85 307 2.0
595 32 2.0
397 159 5.0
618 247 4.0
870 307 9.0
504 554 2.0
472 719 2.0
339 379 4.0
833 17 1.0
155 307 2.0
827 307 4.0
885 771 1.0
81 501 1.0
694 307 8.0
264 310 5.0
527 368 5.0
505 852 2.0
563 668 10.0
369 249 4.0
179 593 1.0
565 462 11.0
539 666 1.0
819 227 2.0
291 732 4.0
895 683 2.0
240 227 2.0
134 54 12.0
710 532 32.0
234 615 10.0
326 307 18.0
137 678 5.0
254 678 1.0
360 719 2.0
404 840 7.0
829 318 3.0
562 751 5.0
702 554 2.0
807 307 10.0
324 615 12.0
886 112 11.0
348 554 2.0
50 678 3.0
282 519 3.0
669 678 3.0
852 554 3.0
422 801 3.0
642 895 8.0
274 554 5.0
753 554 11.0
853 678 17.0
595 235 6.0
161 362 4.0
801 671 12.0
733 201 2.0
582 307 6.0
858 307 3.0
26 678 6.0
264 850 3.0
807 474 21.0
793 593 1.0
295 307 6.0
601 771 8.0
782 355 2.0
615 119 3.0
35 339 2.0
765 17 2.0
439 61 9.0
395 307 4.0
828 482 7.0
155 408 7.0
870 801 3.0
281 613 3.0
771 583 12.0
279 573 7.0
870 119 2.0
419 554 5.0
397 861 3.0
210 307 28.0
620 426 12.0
115 519 7.0
261 355 4.0
711 719 2.0
29 469 3.0
350 719 4.0
161 307 9.0
400 807 5.0
521 29 16.0
433 307 12.0
103 71 11.0
169 886 7.0
137 742 5.0
864 307 11.0
791 571 6.0
387 142 9.0
595 719 6.0
91 783 7.0
710 554 10.0
843 307 1.0
876 476 12.0
220 719 1.0
180 861 2.0
396 706 1.0
249 158 2.0
159 355 8.0
430 719 5.0
54 482 5.0
709 119 1.0
510 119 1.0
326 759 1.0
428 668 2.0
575 554 1.0
555 307 2.0
119 307 10.0
543 765 5.0
868 797 4.0
32 830 3.0
808 771 12.0
54 355 5.0
282 554 9.0
34 771 17.0
467 721 1.0
397 719 6.0
22 307 3.0
544 27 4.0
67 554 2.0
326 32 2.0
639 554 34.0
767 174 1.0
601 554 3.0
848 519 4.0
697 771 1.0
797 464 1.0
216 300 1.0
698 678 2.0
415 583 3.0
169 420 1.0
795 554 20.0
588 193 2.0
354 613 3.0
361 307 7.0
677 797 5.0
832 554 3.0
119 668 4.0
411 426 14.0
238 554 1.0
486 519 1.0
188 797 1.0
301 462 5.0
456 831 6.0
678 852 3.0
225 307 1.0
741 680 8.0
181 540 4.0
604 32 2.0
813 554 16.0
508 307 17.0
546 671 7.0
601 719 2.0
840 307 5.0
726 725 12.0
876 583 14.0
796 32 2.0
304 119 9.0
874 678 1.0
623 874 1.0
406 291 4.0
494 532 2.0
355 413 12.0
68 771 3.0
568 267 2.0
441 693 11.0
787 193 3.0
122 29 7.0
318 169 1.0
725 583 2.0
94 142 3.0
362 477 7.0
154 307 3.0
781 678 4.0
81 130 4.0
326 803 1.0
174 828 1.0
558 771 19.0
635 554 9.0
225 554 3.0
59 355 3.0
677 855 1.0
887 267 3.0
55 719 2.0
474 824 22.0
347 307 4.0
478 678 4.0
733 719 3.0
199 757 3.0
739 629 2.0
347 119 3.0
348 42 5.0
16 549 1.0
861 668 3.0
641 309 1.0
474 719 7.0
323 355 4.0
167 416 15.0
66 520 6.0
310 318 2.0
680 307 6.0
329 508 4.0
387 771 8.0
582 678 12.0
180 287 9.0
370 233 1.0
237 210 1.0
493 554 1.0
161 861 2.0
134 413 3.0
836 155 2.0
514 719 4.0
304 519 9.0
743 519 1.0
491 870 2.0
188 355 4.0
428 63 8.0
147 310 3.0
313 554 7.0
250 554 6.0
117 307 5.0
795 606 1.0
729 355 2.0
121 177 3.0
829 310 11.0
77 355 2.0
566 399 3.0
461 307 9.0
527 508 5.0
639 23 2.0
537 355 4.0
595 554 19.0
326 678 19.0
545 309 1.0
772 304 9.0
881 554 6.0
717 350 11.0
546 685 1.0
793 616 3.0
270 32 1.0
653 436 2.0
370 758 2.0
199 678 3.0
87 52 3.0
134 307 2.0
740 307 3.0
813 375 8.0
156 678 1.0
390 211 2.0
640 797 3.0
230 729 1.0
11 174 1.0
645 590 22.0
782 304 3.0
796 529 4.0
637 590 3.0
223 583 3.0
279 473 3.0
579 54 9.0
225 876 4.0
474 554 7.0
137 200 2.0
163 554 2.0
532 307 11.0
799 719 1.0
46 523 2.0
711 251 8.0
277 876 6.0
671 17 6.0
508 719 22.0
11 771 7.0
495 227 2.0
560 432 4.0
56 307 4.0
225 377 4.0
816 783 5.0
502 153 9.0
673 307 2.0
166 729 4.0
555 466 1.0
428 246 10.0
390 554 5.0
801 307 3.0
324 519 10.0
799 592 1.0
840 678 2.0
287 771 4.0
870 554 11.0
700 462 13.0
678 307 7.0
527 659 2.0
119 463 2.0
6 605 3.0
90 532 19.0
90 554 7.0
852 307 17.0
264 533 9.0
656 93 1.0
55 578 1.0
347 797 4.0
831 267 2.0
98 705 1.0
649 307 4.0
87 678 20.0
508 771 25.0
49 309 2.0
201 318 8.0
753 719 3.0
120 678 4.0
653 738 1.0
89 142 3.0
137 771 5.0
815 720 1.0
772 415 3.0
277 377 6.0
395 144 4.0
279 717 2.0
260 415 2.0
282 861 3.0
544 519 3.0
435 338 2.0
508 845 2.0
783 119 3.0
265 678 1.0
589 748 3.0
74 128 8.0
656 554 2.0
778 554 8.0
767 307 19.0
336 554 2.0
690 678 8.0
95 853 4.0
529 81 12.0
718 307 2.0
54 307 7.0
586 783 1.0
80 545 1.0
188 307 5.0
178 307 5.0
863 529 4.0
237 678 3.0
279 554 15.0
58 840 9.0
461 771 9.0
678 310 12.0
178 692 2.0
398 310 5.0
260 554 3.0
510 583 5.0
556 554 6.0
624 771 6.0
795 843 2.0
180 678 8.0
469 60 7.0
552 801 6.0
428 307 22.0
750 501 1.0
558 719 4.0
127 519 4.0
340 603 4.0
309 554 2.0
223 529 2.0
492 678 16.0
863 119 1.0
543 307 1.0
630 825 5.0
767 900 2.0
537 349 3.0
6 307 9.0
420 307 2.0
422 355 3.0
361 501 3.0
532 678 7.0
474 261 3.0
504 678 2.0
425 678 4.0
558 678 9.0
547 309 2.0
200 771 1.0
474 307 5.0
563 811 8.0
194 772 4.0
323 593 1.0
480 519 5.0
635 678 3.0
762 307 5.0
377 719 3.0
428 418 6.0
144 475 1.0
169 659 1.0
886 147 8.0
295 554 12.0
639 162 2.0
856 554 4.0
5 861 2.0
227 307 2.0
604 307 7.0
329 427 1.0
273 39 2.0
5 771 7.0
595 657 6.0
632 220 2.0
858 771 14.0
157 797 13.0
59 307 4.0
33 61 5.0
269 466 4.0
553 771 13.0
678 554 5.0
497 163 1.0
34 824 10.0
896 227 2.0
662 829 3.0
456 554 5.0
271 299 4.0
425 554 1.0
326 554 15.0
422 849 1.0
127 678 11.0
315 681 2.0
853 17 1.0
594 549 1.0
307 60 26.0
358 681 3.0
359 840 9.0
677 719 16.0
632 852 2.0
876 799 1.0
633 554 2.0
472 839 5.0
407 307 33.0
86 436 4.0
174 81 24.0
332 72 5.0
699 678 8.0
213 764 8.0
364 146 27.0
270 678 9.0
858 347 10.0
323 30 8.0
317 554 5.0
422 403 1.0
126 60 7.0
551 554 3.0
274 783 4.0
645 554 19.0
842 554 2.0
22 719 2.0
590 336 26.0
538 497 2.0
673 678 3.0
325 228 1.0
727 34 1.0
499 519 1.0
572 304 1.0
71 307 2.0
783 554 1.0
233 554 2.0
876 377 14.0
36 719 2.0
876 217 2.0
180 119 3.0
882 733 1.0
680 554 7.0
353 554 7.0
198 554 1.0
166 220 2.0
119 271 4.0
166 852 4.0
489 307 1.0
134 678 12.0
454 379 2.0
492 554 6.0
552 583 6.0
347 719 5.0
622 221 1.0
514 482 6.0
601 705 5.0
398 383 2.0
630 1 3.0
223 307 3.0
797 170 10.0
375 447 1.0
546 17 2.0
325 300 4.0
482 771 7.0
805 656 2.0
330 120 2.0
279 719 3.0
842 807 14.0
268 852 3.0
887 584 4.0
598 307 2.0
480 554 4.0
527 210 1.0
283 678 6.0
458 310 5.0
264 554 9.0
530 378 11.0
349 307 5.0
137 102 3.0
518 269 3.0
863 519 4.0
796 554 9.0
752 554 2.0
22 840 5.0
78 583 3.0
711 412 3.0
100 549 1.0
554 729 7.0
80 127 23.0
244 616 1.0
115 840 9.0
280 27 4.0
895 339 6.0
256 670 6.0
780 623 2.0
854 719 2.0
195 678 5.0
527 704 4.0
639 307 15.0
604 355 4.0
796 205 6.0
239 153 2.0
582 355 3.0
696 540 4.0
816 519 4.0
58 307 3.0
278 307 4.0
284 307 14.0
808 307 17.0
872 797 4.0
119 592 14.0
323 210 6.0
121 61 3.0
485 647 3.0
65 583 2.0
527 583 3.0
580 781 5.0
58 719 2.0
66 362 4.0
88 171 1.0
61 878 6.0
813 593 2.0
358 747 1.0
80 678 2.0
188 678 10.0
679 554 11.0
582 583 3.0
339 625 4.0
268 147 3.0
79 678 2.0
297 262 12.0
808 532 27.0
482 554 9.0
61 593 1.0
694 355 4.0
840 719 3.0
731 554 4.0
347 355 2.0
350 809 3.0
179 866 2.0
169 554 15.0
39 705 3.0
828 671 11.0
876 719 21.0
363 678 6.0
199 592 1.0
527 678 9.0
591 549 1.0
45 554 1.0
280 771 3.0
449 549 1.0
656 830 5.0
793 681 2.0
582 554 13.0
156 519 4.0
85 678 7.0
462 554 3.0
796 719 4.0
363 598 1.0
46 554 9.0
128 856 1.0
78 300 1.0
328 147 1.0
369 477 4.0
474 267 11.0
700 719 2.0
623 678 1.0
119 861 2.0
541 307 3.0
694 678 10.0
589 648 3.0
762 519 5.0
862 754 1.0
486 807 4.0
876 355 7.0
767 719 5.0
390 307 15.0
178 371 10.0
120 307 4.0
81 593 1.0
807 267 14.0
280 719 4.0
194 296 1.0
842 474 1.0
54 672 1.0
51 678 3.0
32 879 1.0
207 119 4.0
389 149 3.0
514 678 6.0
722 309 1.0
887 654 1.0
781 119 3.0
423 483 7.0
752 583 3.0
710 307 23.0
711 554 12.0
326 805 1.0
320 519 10.0
604 554 24.0
860 631 1.0
169 729 4.0
262 253 13.0
526 262 11.0
66 828 1.0
422 452 10.0
264 396 4.0
355 607 4.0
397 307 8.0
514 217 2.0
411 364 4.0
188 583 3.0
477 892 2.0
646 868 3.0
149 719 2.0
533 850 4.0
469 498 10.0
208 554 2.0
103 554 15.0
161 554 20.0
307 355 14.0
701 307 5.0
685 804 1.0
280 307 11.0
546 719 5.0
5 501 3.0
78 32 2.0
336 898 21.0
175 321 7.0
502 307 2.0
775 307 4.0
377 677 3.0
887 719 4.0
60 307 3.0
558 37 6.0
420 355 1.0
284 719 7.0
435 371 3.0
183 797 1.0
278 554 10.0
656 733 1.0
533 238 3.0
428 678 24.0
506 864 1.0
127 861 2.0
510 678 6.0
828 14 4.0
650 774 2.0
363 541 2.0
339 895 1.0
529 519 9.0
428 554 22.0
92 794 5.0
669 852 4.0
796 27 6.0
716 34 8.0
397 624 4.0
733 705 9.0
879 31 5.0
428 897 10.0
184 307 3.0
733 812 4.0
47 466 1.0
194 304 1.0
174 17 1.0
272 719 1.0
715 554 6.0
91 501 1.0
612 729 2.0
264 678 5.0
32 880 1.0
359 307 3.0
727 554 1.0
674 678 3.0
550 678 12.0
28 678 4.0
615 307 7.0
66 352 2.0
695 719 1.0
852 310 4.0
604 351 3.0
144 678 4.0
256 835 5.0
876 340 8.0
658 541 1.0
651 519 4.0
267 355 2.0
627 719 1.0
619 719 2.0
315 554 3.0
712 852 9.0
795 307 20.0
679 355 4.0
9 570 8.0
122 785 2.0
5 347 9.0
870 713 2.0
104 598 2.0
481 554 2.0
839 17 2.0
137 710 3.0
572 772 5.0
132 296 1.0
278 771 12.0
274 719 2.0
361 771 3.0
489 554 3.0
783 678 2.0
484 678 3.0
521 691 3.0
805 307 3.0
775 554 1.0
885 127 15.0
632 201 2.0
560 436 2.0
119 689 1.0
868 186 1.0
120 583 3.0
767 771 3.0
693 596 4.0
455 8 3.0
55 622 1.0
174 678 22.0
872 678 2.0
888 471 1.0
853 307 11.0
220 678 6.0
103 307 24.0
890 530 5.0
254 554 2.0
385 554 2.0
428 753 3.0
81 668 2.0
833 307 8.0
758 307 10.0
84 174 9.0
807 519 18.0
177 554 2.0
799 730 1.0
400 307 2.0
807 678 5.0
780 878 1.0
504 519 4.0
106 307 3.0
149 554 4.0
849 273 1.0
665 339 1.0
782 678 5.0
137 307 5.0
428 116 6.0
833 719 4.0
888 657 3.0
677 99 1.0
690 554 6.0
352 21 2.0
320 27 4.0
562 771 7.0
656 803 1.0
537 554 13.0
827 719 5.0
489 633 1.0
387 719 3.0
707 432 4.0
780 196 2.0
603 20 9.0
77 307 6.0
467 877 13.0
124 729 3.0
708 307 4.0
293 309 1.0
619 554 5.0
753 17 3.0
169 829 1.0
653 432 2.0
34 307 12.0
260 304 5.0
29 60 2.0
272 142 4.0
54 261 3.0
47 307 1.0
782 554 7.0
781 227 2.0
559 765 6.0
585 554 4.0
339 453 4.0
45 807 6.0
270 554 24.0
808 900 4.0
733 664 1.0
385 9 2.0
474 380 1.0
35 683 2.0
542 554 1.0
428 536 2.0
5 630 2.0
428 797 3.0
19 678 1.0
355 267 4.0
419 719 3.0
881 251 1.0
595 797 1.0
294 678 6.0
77 554 12.0
96 153 2.0
544 592 1.0
749 440 9.0
576 554 1.0
499 678 6.0
266 554 7.0
219 476 2.0
639 267 4.0
288 235 1.0
687 355 2.0
64 307 10.0
199 307 4.0
119 133 2.0
259 309 2.0
591 436 4.0
248 329 4.0
197 540 4.0
27 678 3.0
370 838 3.0
879 142 3.0
644 307 3.0
46 267 2.0
512 719 1.0
717 307 1.0
671 554 9.0
628 554 2.0
406 877 3.0
786 487 1.0
660 554 1.0
784 144 1.0
655 756 6.0
220 729 1.0
623 878 2.0
189 307 3.0
283 554 6.0
532 900 9.0
307 678 12.0
370 719 6.0
419 678 13.0
137 821 3.0
180 307 4.0
390 797 1.0
420 169 2.0
32 589 1.0
240 583 3.0
486 678 1.0
499 583 3.0
410 355 2.0
840 119 3.0
178 583 3.0
889 613 3.0
890 65 1.0
47 269 3.0
206 519 9.0
406 1 1.0
533 233 7.0
831 771 9.0
428 649 6.0
187 39 2.0
18 554 7.0
615 554 8.0
558 519 6.0
590 554 6.0
264 719 2.0
688 162 1.0
662 233 2.0
796 583 3.0
357 344 1.0
714 616 1.0
639 349 2.0
733 319 4.0
87 307 5.0
137 553 3.0
550 554 2.0
91 307 6.0
249 599 1.0
842 307 1.0
461 678 10.0
387 307 2.0
179 153 12.0
164 142 4.0
102 307 2.0
369 771 2.0
131 623 2.0
677 733 1.0
209 841 3.0
876 647 22.0
626 693 13.0
579 554 3.0
280 119 3.0
863 438 2.0
546 287 1.0
644 678 5.0
606 251 1.0
796 307 5.0
391 436 2.0
161 17 1.0
330 554 1.0
502 797 1.0
161 753 5.0
183 771 2.0
323 307 21.0
7 719 1.0
819 554 5.0
367 554 3.0
419 307 9.0
437 394 3.0
710 771 10.0
603 483 6.0
870 482 5.0
67 678 4.0
430 307 4.0
791 609 2.0
539 653 3.0
505 498 1.0
74 554 5.0
54 849 3.0
344 754 1.0
760 554 5.0
852 678 8.0
434 554 3.0
119 518 1.0
709 554 13.0
513 569 4.0
480 678 1.0
377 17 2.0
131 878 1.0
651 826 1.0
514 554 8.0
740 771 2.0
527 554 18.0
703 758 3.0
201 60 7.0
771 418 3.0
307 210 6.0
68 519 3.0
204 539 1.0
326 164 1.0
624 397 2.0
863 753 1.0
749 307 4.0
270 797 1.0
833 537 4.0
854 678 2.0
7 554 6.0
257 781 3.0
674 529 1.0
369 335 4.0
813 307 3.0
208 307 6.0
795 251 4.0
582 432 2.0
836 554 3.0
846 355 2.0
390 678 16.0
196 797 1.0
236 309 1.0
51 307 6.0
565 307 5.0
328 112 2.0
381 455 2.0
532 554 14.0
775 172 2.0
482 865 3.0
26 307 6.0
739 668 4.0
870 529 9.0
370 318 1.0
44 497 4.0
565 267 1.0
369 519 3.0
513 554 1.0
848 840 9.0
550 677 1.0
458 829 3.0
462 287 2.0
533 829 6.0
840 554 1.0
491 678 13.0
434 771 6.0
428 355 3.0
234 479 5.0
422 307 5.0
709 678 16.0
264 10 1.0
397 519 3.0
209 358 4.0
84 287 2.0
745 61 11.0
109 309 1.0
799 647 5.0
833 583 1.0
301 771 4.0
282 797 1.0
721 309 1.0
366 777 1.0
166 398 2.0
115 307 3.0
508 659 1.0
207 307 15.0
54 719 6.0
299 271 2.0
514 583 3.0
178 610 2.0
421 309 1.0
869 678 2.0
431 554 5.0
880 142 6.0
894 27 1.0
580 307 9.0
656 769 1.0
32 719 2.0
313 307 1.0
767 519 3.0
678 719 11.0
282 719 3.0
842 519 5.0
54 413 3.0
355 76 1.0
631 713 1.0
62 617 2.0
154 840 7.0
819 307 1.0
379 339 2.0
237 831 8.0
219 483 15.0
473 309 1.0
653 472 1.0
486 307 1.0
81 678 6.0
711 307 2.0
565 287 1.0
534 719 3.0
560 39 2.0
219 340 7.0
178 719 4.0
317 304 3.0
92 678 5.0
638 497 4.0
456 519 1.0
577 554 3.0
361 719 5.0
389 251 6.0
669 829 2.0
793 515 3.0
518 466 1.0
310 201 2.0
717 233 3.0
91 554 5.0
443 307 3.0
290 307 7.0
853 32 2.0
849 472 1.0
81 307 9.0
499 870 3.0
824 380 3.0
384 666 1.0
726 554 11.0
656 882 1.0
726 217 2.0
698 554 2.0
478 554 4.0
551 678 11.0
502 583 3.0
26 110 20.0
656 142 3.0
550 865 2.0
612 719 5.0
553 821 4.0
6 678 18.0
849 822 1.0
888 459 2.0
347 501 3.0
54 678 12.0
397 444 1.0
887 462 11.0
406 60 1.0
445 529 2.0
508 427 4.0
532 200 3.0
215 56 2.0
465 235 1.0
231 235 1.0
188 719 4.0
458 169 1.0
735 554 3.0
827 554 1.0
841 160 3.0
687 307 1.0
397 119 4.0
283 307 3.0
677 89 1.0
274 797 1.0
36 416 1.0
467 678 15.0
585 719 3.0
273 436 3.0
277 678 2.0
820 227 2.0
650 388 6.0
274 678 2.0
642 339 2.0
34 564 3.0
462 546 5.0
474 506 1.0
234 287 7.0
562 311 1.0
320 119 5.0
778 681 5.0
491 554 7.0
550 307 10.0
632 310 8.0
856 307 3.0
183 678 1.0
679 307 2.0
864 519 3.0
683 895 1.0
297 554 8.0
346 519 4.0
137 767 3.0
377 307 7.0
866 611 1.0
104 554 2.0
870 899 6.0
461 529 2.0
218 549 1.0
771 507 6.0
807 771 20.0
22 519 6.0
44 719 3.0
653 218 1.0
166 59 2.0
132 772 2.0
783 501 1.0
782 307 4.0
529 554 15.0
894 307 5.0
304 355 2.0
89 765 5.0
155 554 10.0
566 174 7.0
781 719 4.0
254 307 5.0
175 307 3.0
595 105 5.0
849 653 1.0
282 307 5.0
876 485 14.0
625 379 2.0
562 719 1.0
347 678 4.0
635 519 3.0
637 210 3.0
79 1 1.0
698 307 1.0
66 49 1.0
6 554 13.0
466 519 1.0
818 188 2.0
36 554 21.0
731 174 8.0
406 349 1.0
712 307 2.0
56 678 4.0
895 613 2.0
602 781 2.0
417 309 1.0
137 583 4.0
564 380 2.0
537 678 19.0
532 893 3.0
836 719 2.0
552 678 11.0
85 797 1.0
295 678 6.0
400 27 2.0
831 678 6.0
52 807 2.0
65 213 2.0
239 191 1.0
68 307 3.0
544 119 4.0
23 554 2.0
207 519 4.0
612 852 1.0
419 797 1.0
132 304 1.0
85 541 7.0
650 450 2.0
237 554 4.0
807 392 1.0
882 164 1.0
178 797 1.0
773 856 1.0
428 583 3.0
428 614 20.0
519 899 3.0
298 829 2.0
546 307 8.0
814 840 7.0
576 355 2.0
642 211 2.0
79 388 2.0
313 678 9.0
387 705 3.0
280 678 12.0
635 307 2.0
11 751 4.0
17 307 1.0
313 797 1.0
502 352 1.0
389 678 1.0
400 554 5.0
751 84 1.0
820 307 1.0
224 336 1.0
887 159 7.0
380 287 2.0
452 307 1.0
735 259 2.0
635 482 5.0
887 519 8.0
524 396 1.0
265 237 1.0
508 355 5.0
467 468 1.0
645 476 9.0
147 307 4.0
274 119 1.0
151 832 1.0
829 554 5.0
307 451 3.0
418 719 1.0
752 144 6.0
326 589 1.0
42 554 5.0
828 865 2.0
359 554 2.0
758 554 7.0
371 338 4.0
849 815 1.0
227 593 1.0
32 759 1.0
206 840 9.0
624 719 1.0
422 719 7.0
273 549 1.0
500 678 1.0
116 897 3.0
820 554 2.0
781 554 7.0
585 307 5.0
161 438 1.0
478 9 3.0
495 554 3.0
434 174 2.0
524 554 7.0
92 554 8.0
561 617 2.0
186 771 2.0
272 482 5.0
103 318 2.0
577 319 1.0
845 343 4.0
323 719 10.0
374 554 2.0
767 461 1.0
175 103 4.0
169 147 7.0
818 307 2.0
407 583 4.0
254 519 11.0
588 309 3.0
184 719 2.0
527 17 1.0
653 136 5.0
124 554 7.0
315 616 4.0
137 532 3.0
121 878 1.0
512 678 7.0
468 79 2.0
96 554 2.0
621 307 1.0
134 355 1.0
137 494 3.0
347 287 3.0
481 140 2.0
600 309 2.0
743 807 3.0
474 797 1.0
227 678 1.0
120 554 4.0
108 160 1.0
168 719 1.0
650 877 6.0
155 719 3.0
828 719 6.0
66 554 12.0
612 307 7.0
249 828 3.0
604 592 2.0
645 97 2.0
137 90 3.0
861 678 1.0
726 307 5.0
184 554 3.0
326 797 2.0
310 554 3.0
677 307 7.0
586 274 1.0
563 633 1.0
38 746 2.0
785 107 2.0
803 705 1.0
565 719 2.0
699 307 9.0
669 719 3.0
818 620 3.0
604 678 8.0
41 678 8.0
90 256 3.0
755 539 1.0
97 309 1.0
209 160 2.0
353 46 2.0
716 307 3.0
802 642 4.0
377 583 2.0
733 202 4.0
842 771 4.0
644 719 2.0
602 554 2.0
370 777 2.0
740 174 2.0
560 549 1.0
709 719 9.0
686 656 4.0
154 719 2.0
639 609 1.0
10 554 2.0
33 745 2.0
645 485 1.0
257 633 1.0
256 167 6.0
656 589 1.0
137 554 8.0
26 554 1.0
119 555 1.0
240 719 1.0
113 144 1.0
203 307 3.0
342 467 1.0
406 307 4.0
66 119 4.0
96 135 1.0
398 852 3.0
102 554 2.0
395 554 2.0
254 719 3.0
33 678 3.0
361 119 3.0
700 554 7.0
265 779 1.0
576 76 2.0
41 307 2.0
612 554 7.0
60 678 3.0
526 130 3.0
195 554 4.0
822 549 1.0
320 554 8.0
866 191 4.0
206 592 1.0
780 719 1.0
227 554 1.0
858 583 2.0
868 771 2.0
334 309 1.0
401 309 1.0
661 568 1.0
318 729 1.0
240 781 2.0
524 678 4.0
537 719 16.0
718 355 2.0
870 719 5.0
595 459 3.0
772 583 3.0
419 583 3.0
170 647 2.0
887 287 3.0
317 678 5.0
895 665 2.0
630 678 3.0
697 267 1.0
456 27 3.0
164 482 5.0
320 668 2.0
519 554 3.0
508 210 2.0
615 519 22.0
324 479 4.0
579 382 6.0
86 39 2.0
7 751 6.0
222 613 4.0
32 797 1.0
858 719 4.0
671 307 1.0
310 448 1.0
89 554 2.0
461 767 8.0
639 498 2.0
633 501 1.0
541 554 4.0
273 705 1.0
785 554 11.0
579 307 9.0
896 781 2.0
534 307 2.0
675 705 3.0
558 17 2.0
374 227 2.0
331 274 2.0
59 433 2.0
863 583 5.0
323 554 5.0
529 771 3.0
526 554 13.0
232 541 3.0
527 548 3.0
314 771 8.0
580 678 9.0
849 218 1.0
751 678 1.0
240 797 1.0
31 309 1.0
831 727 1.0
144 719 2.0
771 797 2.0
771 192 3.0
179 130 4.0
550 719 1.0
32 93 1.0
260 114 1.0
66 502 6.0
361 287 2.0
474 289 3.0
240 307 2.0
742 200 1.0
762 119 1.0
771 554 15.0
757 309 1.0
149 65 2.0
241 781 2.0
289 380 2.0
157 307 4.0
265 554 6.0
767 821 2.0
209 263 9.0
277 554 3.0
678 829 10.0
514 261 6.0
494 554 2.0
506 307 2.0
46 678 15.0
739 554 1.0
795 719 12.0
622 300 1.0
138 244 3.0
520 153 2.0
261 647 8.0
853 754 3.0
632 554 1.0
50 126 3.0
414 307 2.0
198 790 1.0
697 678 2.0
213 671 4.0
700 678 3.0
747 303 1.0
268 307 3.0
81 119 1.0
392 474 1.0
644 381 2.0
155 528 3.0
529 158 1.0
885 554 1.0
585 678 7.0
38 451 1.0
320 719 2.0
844 522 1.0
154 554 3.0
669 318 2.0
546 462 2.0
625 683 2.0
118 678 3.0
44 307 3.0
690 307 7.0
888 288 1.0
34 719 5.0
278 174 4.0
384 554 1.0
494 900 2.0
734 287 11.0
445 287 1.0
353 251 1.0
869 554 1.0
297 441 3.0
510 719 4.0
669 307 6.0
326 719 2.0
828 713 1.0
89 790 1.0
744 554 2.0
398 554 2.0
693 554 5.0
816 119 1.0
349 60 7.0
263 806 2.0
284 554 7.0
533 554 11.0
161 678 18.0
140 781 1.0
220 829 2.0
389 719 3.0
9 83 1.0
789 656 2.0
230 145 4.0
23 639 1.0
818 678 5.0
340 483 2.0
533 703 3.0
230 554 5.0
607 355 1.0
32 805 1.0
849 560 1.0
389 554 12.0
765 790 2.0
203 519 6.0
301 554 3.0
66 210 9.0
282 583 3.0
583 677 2.0
510 554 7.0
829 201 3.0
32 583 3.0
99 142 8.0
639 852 1.0
149 213 1.0
46 355 2.0
422 678 4.0
88 483 16.0
583 719 1.0
32 686 1.0
164 713 2.0
311 751 1.0
565 771 1.0
332 334 1.0
457 274 2.0
813 32 2.0
119 519 1.0
220 632 2.0
422 229 1.0
858 554 5.0
723 642 1.0
529 719 7.0
520 191 1.0
773 554 1.0
157 554 11.0
54 155 4.0
34 413 2.0
237 307 2.0
34 32 2.0
770 307 1.0
103 678 10.0
33 878 1.0
526 253 3.0
508 143 2.0
181 409 2.0
357 210 2.0
527 719 6.0
127 111 2.0
718 678 1.0
87 797 1.0
567 307 8.0
772 554 7.0
783 861 2.0
210 771 5.0
876 797 2.0
357 862 3.0
34 713 1.0
885 519 4.0
220 166 2.0
404 119 1.0
201 103 2.0
505 678 2.0
495 781 2.0
307 298 2.0
552 592 1.0
648 309 1.0
848 307 3.0
639 749 4.0
735 497 4.0
771 801 3.0
262 596 1.0
644 554 4.0
185 536 3.0
551 598 1.0
848 678 1.0
161 119 4.0
150 153 2.0
849 591 1.0
733 142 6.0
529 355 2.0
820 678 1.0
290 678 2.0
886 307 4.0
623 33 2.0
213 554 7.0
544 719 3.0
224 516 4.0
697 554 13.0
413 155 6.0
741 554 5.0
95 719 1.0
690 607 2.0
55 337 1.0
386 719 2.0
833 507 1.0
78 678 4.0
795 353 1.0
502 531 1.0
895 454 2.0
876 32 4.0
166 318 1.0
896 554 4.0
772 32 1.0
199 245 5.0
887 678 3.0
506 45 1.0
166 355 2.0
565 119 3.0
297 678 2.0
468 877 5.0
90 416 1.0
38 554 3.0
207 668 2.0
653 549 1.0
16 436 1.0
821 548 1.0
13 678 1.0
758 652 4.0
589 675 1.0
809 771 5.0
285 781 2.0
508 554 6.0
452 554 2.0
355 592 1.0
743 554 3.0
149 17 1.0
26 162 1.0
339 454 4.0
72 60 7.0
737 169 2.0
179 335 4.0
193 83 1.0
565 861 2.0
223 554 5.0
137 32 2.0
687 678 5.0
36 678 13.0
286 554 1.0
677 554 10.0
224 307 1.0
433 712 2.0
287 17 1.0
692 371 6.0
87 554 12.0
208 678 3.0
89 675 1.0
349 162 1.0
270 719 5.0
462 158 1.0
772 307 2.0
750 135 2.0
853 862 2.0
184 519 8.0
365 583 1.0
3 519 4.0
36 256 3.0
382 54 1.0
559 39 2.0
199 771 13.0
882 830 3.0
765 554 2.0
735 719 1.0
694 583 3.0
32 410 1.0
656 759 1.0
252 781 2.0
595 508 4.0
377 554 7.0
645 292 1.0
677 880 1.0
840 287 1.0
105 307 4.0
29 498 2.0
750 793 3.0
370 307 4.0
866 678 1.0
322 713 1.0
656 805 1.0
174 369 2.0
360 394 1.0
100 436 2.0
77 719 4.0
476 483 17.0
718 719 2.0
402 676 1.0
882 803 1.0
740 797 1.0
187 436 2.0
106 267 2.0
780 583 2.0
304 501 1.0
772 771 5.0
882 94 1.0
19 304 3.0
689 307 1.0
497 394 1.0
690 719 2.0
861 27 4.0
201 10 4.0
482 713 3.0
315 713 1.0
366 678 4.0
796 119 2.0
765 778 3.0
750 1 4.0
535 723 1.0
639 451 1.0
326 89 1.0
72 349 1.0
585 174 2.0
671 719 3.0
553 174 2.0
200 421 1.0
619 307 2.0
178 678 2.0
707 39 2.0
467 79 1.0
833 418 1.0
537 810 3.0
656 307 1.0
153 531 1.0
79 554 1.0
328 169 1.0
389 213 3.0
152 830 1.0
280 130 2.0
740 719 4.0
324 287 7.0
737 678 3.0
578 300 2.0
607 554 8.0
91 519 7.0
311 554 2.0
743 678 1.0
809 17 2.0
880 554 2.0
882 99 1.0
169 458 1.0
839 554 2.0
712 383 2.0
174 546 1.0
279 758 2.0
726 678 14.0
506 392 2.0
615 861 2.0
51 201 2.0
781 633 1.0
108 756 6.0
106 554 1.0
606 307 1.0
58 554 2.0
474 631 2.0
131 719 2.0
131 554 3.0
559 790 1.0
361 554 11.0
48 214 2.0
506 743 1.0
551 541 1.0
697 287 1.0
157 348 2.0
663 631 1.0
532 309 8.0
18 678 3.0
696 642 2.0
521 593 1.0
26 349 3.0
755 554 1.0
491 529 1.0
46 307 1.0
221 719 1.0
607 210 1.0
462 267 2.0
268 112 2.0
223 267 1.0
262 307 1.0
144 659 1.0
762 678 1.0
683 339 1.0
224 554 11.0
569 513 3.0
772 40 1.0
301 174 2.0
320 678 14.0
34 678 13.0
846 554 3.0
318 490 3.0
497 638 1.0
44 554 4.0
844 622 1.0
22 554 4.0
762 554 2.0
627 678 3.0
162 498 1.0
61 554 1.0
603 423 2.0
419 165 3.0
567 554 9.0
751 11 1.0
400 678 1.0
425 706 1.0
809 350 3.0
364 139 1.0
700 307 5.0
482 307 3.0
887 554 9.0
65 554 8.0
848 119 1.0
565 697 3.0
552 307 11.0
854 230 6.0
478 619 1.0
615 771 1.0
882 805 1.0
126 498 1.0
474 392 1.0
362 554 2.0
220 310 6.0
114 309 1.0
493 468 1.0
422 27 2.0
779 554 4.0
206 307 3.0
6 135 1.0
86 549 1.0
767 501 1.0
653 393 1.0
415 719 2.0
546 763 1.0
582 719 2.0
700 771 1.0
169 678 1.0
430 266 2.0
188 554 6.0
244 554 6.0
737 554 3.0
560 705 1.0
297 626 4.0
208 316 1.0
314 210 2.0
166 307 4.0
624 209 3.0
367 719 1.0
630 501 1.0
651 771 1.0
819 678 1.0
463 269 3.0
7 307 1.0
314 554 10.0
559 549 1.0
357 255 1.0
327 309 1.0
752 797 1.0
194 415 1.0
653 543 1.0
93 170 1.0
779 307 1.0
737 103 2.0
418 677 2.0
876 554 20.0
497 514 1.0
230 854 1.0
428 405 8.0
215 119 3.0
818 385 4.0
35 379 2.0
257 719 1.0
290 719 7.0
169 355 2.0
261 730 1.0
207 176 1.0
778 616 1.0
864 474 4.0
807 861 2.0
66 191 2.0
184 678 1.0
535 642 4.0
467 797 1.0
17 554 3.0
168 136 1.0
78 325 1.0
404 554 3.0
94 307 2.0
122 521 3.0
284 678 11.0
789 759 1.0
304 287 2.0
890 554 4.0
510 355 4.0
807 119 3.0
700 697 3.0
297 583 4.0
89 705 1.0
385 309 3.0
307 413 2.0
742 678 1.0
814 554 2.0
607 307 5.0
269 307 1.0
552 554 3.0
756 895 3.0
572 415 1.0
297 253 3.0
474 17 3.0
3 554 1.0
241 554 4.0
230 307 1.0
430 678 1.0
467 307 15.0
221 300 2.0
737 233 2.0
245 554 1.0
345 309 1.0
307 669 1.0
751 311 2.0
339 683 4.0
432 719 1.0
183 719 4.0
808 174 1.0
591 39 2.0
618 655 2.0
337 300 2.0
432 136 1.0
829 103 4.0
124 575 2.0
107 785 2.0
887 327 1.0
848 719 2.0
656 789 1.0
66 153 14.0
801 17 3.0
216 190 1.0
224 309 2.0
870 797 3.0
841 756 1.0
369 210 1.0
329 248 2.0
127 554 7.0
415 797 1.0
106 678 4.0
537 828 3.0
326 830 1.0
772 296 4.0
882 855 1.0
280 210 2.0
3 826 1.0
715 616 1.0
198 214 1.0
487 279 1.0
615 678 8.0
407 719 10.0
780 678 1.0
809 307 7.0
60 852 3.0
87 174 2.0
795 881 1.0
853 719 4.0
773 128 1.0
412 554 5.0
320 158 6.0
362 892 1.0
831 713 2.0
143 307 3.0
674 499 1.0
756 806 1.0
430 554 1.0
206 119 1.0
45 678 1.0
307 771 1.0
529 362 2.0
544 668 2.0
290 554 5.0
270 307 5.0
54 554 18.0
182 678 3.0
610 320 4.0
26 60 7.0
638 554 3.0
263 895 2.0
370 717 2.0
32 99 1.0
635 261 3.0
268 554 1.0
750 205 2.0
349 593 7.0
66 335 4.0
291 356 2.0
295 306 13.0
555 554 3.0
270 583 3.0
258 60 3.0
22 119 1.0
300 671 1.0
251 764 14.0
667 309 1.0
552 719 9.0
203 554 3.0
51 719 6.0
550 309 1.0
712 166 1.0
831 307 6.0
407 547 3.0
694 797 1.0
492 32 2.0
61 873 1.0
59 166 2.0
285 554 1.0
80 554 2.0
888 736 1.0
66 27 2.0
533 719 1.0
565 678 3.0
580 593 2.0
589 705 1.0
756 69 1.0
632 383 3.0
355 554 15.0
456 307 2.0
725 171 2.0
48 714 2.0
634 676 1.0
355 307 4.0
624 747 2.0
279 103 2.0
84 751 2.0
785 797 4.0
499 592 1.0
677 686 1.0
34 265 1.0
847 373 1.0
553 355 2.0
741 847 1.0
839 307 2.0
694 719 6.0
895 35 2.0
166 443 2.0
803 170 2.0
900 678 8.0
653 384 1.0
594 436 2.0
210 60 7.0
350 307 1.0
161 719 9.0
69 895 1.0
844 719 1.0
174 158 2.0
317 307 3.0
277 645 1.0
519 287 8.0
278 678 3.0
294 554 6.0
390 32 2.0
638 394 1.0
94 705 1.0
68 474 1.0
18 607 2.0
645 516 4.0
96 179 1.0
251 378 11.0
635 32 2.0
497 592 1.0
803 675 1.0
174 335 7.0
169 318 3.0
73 466 1.0
22 678 1.0
653 666 3.0
805 830 4.0
264 852 3.0
43 286 1.0
796 797 1.0
262 554 1.0
772 698 3.0
844 228 1.0
865 309 2.0
437 497 2.0
361 861 2.0
390 17 1.0
591 798 1.0
467 554 15.0
544 554 5.0
406 388 4.0
544 501 1.0
585 797 1.0
558 307 3.0
660 598 2.0
486 554 1.0
373 680 1.0
833 801 1.0
398 307 1.0
809 210 1.0
550 32 2.0
179 554 2.0
337 190 2.0
81 581 4.0
178 554 12.0
646 867 1.0
489 227 2.0
543 839 5.0
845 427 1.0
149 583 1.0
142 671 1.0
65 797 1.0
390 210 1.0
811 633 3.0
161 287 1.0
658 678 25.0
496 424 1.0
618 108 2.0
159 678 1.0
45 474 1.0
105 554 4.0
656 164 1.0
750 719 1.0
240 678 2.0
750 858 2.0
164 554 3.0
679 583 3.0
704 307 3.0
689 269 3.0
383 166 2.0
363 307 1.0
849 204 1.0
454 683 2.0
584 402 1.0
68 554 1.0
361 678 1.0
849 16 1.0
280 287 1.0
307 38 2.0
553 212 1.0
207 554 10.0
32 882 1.0
58 678 1.0
888 659 3.0
78 554 7.0
714 214 3.0
553 719 6.0
725 307 1.0
369 307 2.0
892 477 1.0
175 554 12.0
179 191 3.0
252 227 2.0
386 394 1.0
117 678 1.0
750 347 1.0
398 632 2.0
158 554 2.0
863 554 8.0
818 364 1.0
377 171 2.0
544 307 5.0
302 319 1.0
858 750 2.0
778 790 3.0
715 214 3.0
223 719 4.0
307 192 3.0
201 498 1.0
390 186 1.0
552 797 2.0
787 556 1.0
702 394 1.0
891 498 1.0
506 400 2.0
444 309 1.0
562 554 5.0
201 175 3.0
40 309 1.0
552 32 1.0
646 307 1.0
639 38 2.0
677 879 1.0
544 861 2.0
406 79 1.0
32 438 4.0
304 861 2.0
553 158 2.0
656 387 1.0
481 781 2.0
237 34 2.0
86 705 1.0
411 139 4.0
123 890 2.0
813 797 1.0
128 554 2.0
428 119 3.0
339 665 4.0
876 631 2.0
779 831 5.0
396 678 1.0
326 880 1.0
468 388 1.0
414 861 1.0
833 810 1.0
646 719 1.0
34 355 3.0
497 270 1.0
804 554 1.0
201 621 4.0
694 790 2.0
382 713 1.0
861 554 1.0
150 191 1.0
870 677 2.0
41 709 1.0
565 554 4.0
237 519 1.0
134 719 2.0
428 4 1.0
359 719 2.0
84 554 3.0
387 17 1.0
65 307 2.0
582 32 1.0
529 599 4.0
767 119 4.0
124 678 4.0
32 753 1.0
119 554 7.0
337 228 1.0
369 892 1.0
815 705 1.0
733 307 4.0
795 678 1.0
456 678 3.0
595 17 1.0
511 309 1.0
183 307 3.0
658 554 13.0
673 554 4.0
149 671 2.0
781 307 6.0
220 383 3.0
222 895 1.0
579 583 1.0
580 633 1.0
695 394 1.0
527 307 6.0
606 843 1.0
517 619 1.0
180 554 8.0
541 678 4.0
607 849 2.0
326 855 1.0
458 112 2.0
879 675 1.0
286 623 2.0
761 307 2.0
509 856 1.0
145 309 2.0
677 438 5.0
700 287 1.0
219 372 3.0
304 554 5.0
188 170 2.0
659 355 2.0
68 678 1.0
169 307 4.0
137 309 7.0
280 267 1.0
877 307 2.0
652 307 2.0
546 554 1.0
637 355 3.0
179 307 4.0
814 719 2.0
612 318 3.0
727 713 1.0
178 435 2.0
707 436 2.0
499 554 3.0
849 671 2.0
246 719 2.0
733 675 1.0
292 309 1.0
784 395 2.0
833 554 10.0
280 576 1.0
677 830 5.0
489 781 3.0
520 554 2.0
182 529 1.0
330 563 1.0
829 706 2.0
854 307 1.0
191 554 2.0
257 307 1.0
320 599 3.0
84 562 3.0
697 719 1.0
154 678 1.0
745 878 1.0
863 307 1.0
888 554 3.0
199 17 3.0
709 318 1.0
543 554 1.0
241 227 2.0
492 797 1.0
594 39 2.0
615 479 3.0
420 112 2.0
512 32 2.0
497 846 1.0
656 855 1.0
656 410 1.0
317 722 2.0
843 251 1.0
422 797 1.0
497 386 1.0
538 554 1.0
137 808 3.0
799 307 5.0
99 307 1.0
280 592 1.0
524 719 8.0
820 593 2.0
534 554 3.0
627 554 3.0
594 557 1.0
474 32 2.0
191 153 2.0
390 696 2.0
808 355 3.0
831 716 2.0
748 309 1.0
359 119 1.0
307 408 1.0
439 878 1.0
18 307 1.0
129 830 1.0
39 436 2.0
96 587 1.0
337 823 1.0
32 789 1.0
233 678 1.0
52 771 1.0
349 1 1.0
566 554 1.0
174 362 2.0
500 519 4.0
144 554 5.0
352 800 2.0
433 166 1.0
679 719 2.0
321 307 1.0
164 719 1.0
360 307 1.0
887 771 3.0
728 554 1.0
640 554 2.0
419 293 1.0
255 754 1.0
797 554 8.0
640 340 1.0
213 719 1.0
164 25 1.0
404 307 3.0
845 307 5.0
632 829 3.0
677 789 1.0
640 219 3.0
50 770 12.0
120 781 2.0
573 309 2.0
677 93 1.0
740 32 2.0
279 737 2.0
301 307 7.0
454 895 1.0
750 554 1.0
578 190 2.0
840 529 2.0
770 554 1.0
240 554 5.0
331 783 1.0
178 431 3.0
32 387 1.0
184 119 1.0
120 797 1.0
783 519 2.0
389 65 1.0
703 307 3.0
377 797 1.0
886 355 3.0
789 142 1.0
189 719 4.0
509 128 1.0
400 519 1.0
85 1 1.0
258 349 1.0
762 719 3.0
172 15 2.0
750 678 1.0
858 678 1.0
655 160 1.0
404 678 1.0
830 554 1.0
277 307 1.0
738 719 1.0
370 817 5.0
615 719 5.0
99 511 3.0
218 666 1.0
53 320 1.0
199 554 8.0
656 879 1.0
296 554 2.0
182 499 1.0
377 640 2.0
527 771 7.0
760 307 7.0
854 554 2.0
872 554 2.0
624 554 4.0
822 436 2.0
717 17 2.0
546 804 4.0
507 771 1.0
808 554 8.0
227 563 1.0
387 210 1.0
18 849 1.0
727 771 1.0
650 79 2.0
794 12 2.0
816 678 1.0
743 307 1.0
326 733 1.0
656 880 1.0
632 166 2.0
853 357 1.0
740 554 4.0
183 174 2.0
375 813 1.0
669 671 1.0
307 852 12.0
797 730 1.0
66 355 2.0
428 267 1.0
876 292 1.0
849 393 1.0
284 75 6.0
847 554 1.0
767 529 1.0
550 134 2.0
630 574 8.0
332 719 2.0
239 179 1.0
250 451 1.0
521 724 2.0
807 355 2.0
656 89 1.0
833 709 3.0
310 175 2.0
54 583 6.0
539 719 1.0
482 210 1.0
753 307 8.0
601 17 2.0
630 554 1.0
335 561 1.0
96 446 1.0
691 60 7.0
639 708 2.0
853 554 10.0
265 456 1.0
95 462 4.0
5 719 1.0
26 593 1.0
32 733 1.0
668 501 1.0
58 519 6.0
655 841 1.0
733 577 1.0
18 709 2.0
805 142 1.0
183 554 5.0
517 678 2.0
741 373 8.0
717 554 1.0
462 828 1.0
451 554 1.0
131 678 1.0
41 828 1.0
143 343 4.0
13 829 4.0
637 516 1.0
881 843 1.0
216 719 1.0
887 414 2.0
142 554 2.0
852 706 1.0
458 729 3.0
55 300 2.0
579 719 1.0
443 166 1.0
122 554 3.0
882 686 1.0
115 719 2.0
472 790 2.0
326 686 1.0
384 719 1.0
594 705 1.0
133 519 2.0
103 487 2.0
78 55 1.0
32 803 1.0
874 785 1.0
415 32 2.0
452 719 2.0
649 719 2.0
482 17 4.0
310 652 1.0
662 554 5.0
742 554 2.0
73 269 3.0
494 808 1.0
132 554 2.0
558 554 9.0
497 189 1.0
307 593 2.0
458 318 2.0
260 307 1.0
307 498 16.0
888 595 1.0
849 755 1.0
389 307 2.0
422 554 5.0
454 339 2.0
534 394 1.0
194 554 2.0
339 354 4.0
682 568 1.0
223 797 1.0
876 640 5.0
711 149 4.0
496 125 2.0
149 307 1.0
265 727 2.0
741 460 1.0
887 861 1.0
220 307 1.0
58 119 1.0
72 162 1.0
153 307 1.0
539 549 1.0
643 678 1.0
700 861 2.0
201 307 10.0
497 360 1.0
374 781 2.0
137 797 1.0
717 809 1.0
164 857 1.0
711 213 1.0
740 678 1.0
318 307 8.0
33 177 2.0
5 554 9.0
649 583 1.0
66 531 12.0
778 307 1.0
895 625 2.0
66 287 1.0
127 826 2.0
414 678 1.0
736 657 1.0
25 713 1.0
32 678 3.0
270 394 1.0
584 634 1.0
726 309 1.0
651 111 1.0
4 309 1.0
710 210 1.0
89 719 1.0
397 678 4.0
578 228 1.0
330 307 1.0
503 555 1.0
422 583 3.0
519 593 2.0
32 94 1.0
74 509 1.0
815 436 4.0
788 309 1.0
783 719 2.0
157 170 1.0
108 597 1.0
595 678 14.0
868 554 1.0
87 834 1.0
814 678 1.0
87 32 3.0
629 692 3.0
339 281 4.0
735 307 1.0
379 895 1.0
316 309 1.0
87 719 19.0
391 39 2.0
598 554 1.0
551 660 1.0
438 307 2.0
297 797 1.0
160 756 1.0
325 622 1.0
750 307 4.0
57 309 1.0
195 307 4.0
54 713 2.0
422 607 2.0
199 801 2.0
225 476 2.0
324 678 1.0
575 678 1.0
332 678 1.0
816 554 2.0
491 592 1.0
650 554 4.0
207 719 1.0
607 771 1.0
120 719 1.0
437 554 1.0
849 601 1.0
625 339 2.0
220 554 1.0
286 878 1.0
818 554 3.0
556 678 8.0
643 554 2.0
823 300 1.0
675 142 1.0
775 451 1.0
489 719 1.0
207 861 2.0
844 300 4.0
808 158 3.0
115 678 1.0
185 246 1.0
198 715 2.0
250 15 1.0
66 158 3.0
256 416 5.0
224 898 1.0
797 647 3.0
876 219 2.0
108 636 1.0
193 173 3.0
274 583 3.0
512 307 2.0
649 554 6.0
34 797 1.0
626 684 6.0
472 554 1.0
387 830 2.0
594 554 2.0
725 797 1.0
201 321 7.0
26 135 1.0
599 158 1.0
357 301 4.0
801 719 1.0
308 554 1.0
472 539 1.0
449 307 1.0
11 311 1.0
335 24 6.0
182 554 2.0
677 94 1.0
99 592 1.0
675 152 1.0
387 554 1.0
885 678 1.0
445 267 2.0
249 554 6.0
841 618 1.0
274 307 1.0
512 797 1.0
814 119 1.0
188 340 2.0
298 307 2.0
733 554 1.0
212 309 1.0
339 35 4.0
533 308 1.0
532 821 2.0
174 287 2.0
508 17 3.0
7 311 1.0
272 25 1.0
688 60 7.0
150 446 1.0
32 164 1.0
52 474 1.0
366 10 1.0
297 307 3.0
418 671 1.0
848 554 2.0
567 652 2.0
451 15 1.0
161 641 1.0
131 438 2.0
833 828 1.0
366 554 3.0
812 309 1.0
480 307 1.0
533 318 3.0
307 567 1.0
142 830 1.0
268 169 1.0
6 109 1.0
288 595 1.0
246 17 1.0
206 719 2.0
849 100 1.0
710 174 1.0
876 25 1.0
730 647 1.0
66 861 2.0
188 753 3.0
751 554 1.0
390 875 16.0
183 287 1.0
13 706 1.0
797 129 1.0
794 600 1.0
611 309 1.0
750 27 2.0
702 719 1.0
646 797 3.0
366 307 1.0
735 394 2.0
359 519 6.0
32 769 1.0
203 719 2.0
445 719 1.0
750 515 4.0
187 549 1.0
497 437 1.0
260 583 1.0
217 713 1.0
506 678 1.0
237 719 1.0
221 228 1.0
434 678 1.0
140 307 1.0
202 309 1.0
726 719 5.0
829 760 4.0
264 238 2.0
490 554 4.0
828 616 1.0
873 785 1.0
94 170 1.0
497 695 1.0
845 554 7.0
555 519 1.0
522 309 1.0
397 788 1.0
127 719 4.0
78 797 1.0
305 870 1.0
882 89 1.0
711 678 2.0
740 287 1.0
677 464 1.0
532 583 2.0
96 191 1.0
50 307 3.0
880 675 1.0
543 539 1.0
148 309 1.0
262 678 3.0
403 309 1.0
591 705 1.0
503 307 2.0
326 99 1.0
78 844 1.0
407 157 2.0
658 728 1.0
221 190 2.0
726 139 3.0
41 554 2.0
221 823 1.0
807 729 1.0
225 355 2.0
312 309 1.0
799 713 1.0
840 519 2.0
539 168 1.0
660 551 1.0
254 119 1.0
66 546 1.0
809 719 1.0
54 797 2.0
143 427 1.0
108 841 1.0
119 73 1.0
29 318 1.0
630 307 1.0
532 742 1.0
717 771 3.0
847 680 1.0
863 592 1.0
514 394 1.0
326 438 4.0
330 678 1.0
645 309 2.0
514 797 1.0
529 287 1.0
48 790 1.0
33 121 1.0
137 719 1.0
699 719 2.0
689 466 1.0
637 307 1.0
180 719 1.0
644 32 1.0
397 554 8.0
3 111 1.0
103 567 1.0
361 347 4.0
138 554 1.0
94 675 1.0
161 576 1.0
882 789 1.0
215 554 2.0
5 345 1.0
779 519 1.0
33 554 6.0
651 678 1.0
767 678 2.0
303 837 4.0
165 309 1.0
38 15 2.0
518 307 1.0
849 549 1.0
436 355 1.0
119 47 1.0
717 678 1.0
891 60 7.0
842 678 1.0
662 706 1.0
882 307 1.0
86 307 2.0
123 678 1.0
752 593 1.0
852 448 1.0
792 442 4.0
103 829 1.0
326 583 3.0
737 307 1.0
335 554 4.0
361 267 1.0
261 799 1.0
458 147 4.0
694 554 9.0
635 322 1.0
624 307 2.0
654 309 1.0
287 719 2.0
404 719 2.0
521 122 1.0
559 705 1.0
34 17 1.0
367 307 1.0
264 318 1.0
899 287 2.0
332 148 1.0
239 554 2.0
625 895 1.0
310 307 3.0
123 797 1.0
461 174 1.0
20 483 3.0
158 771 1.0
18 719 2.0
656 686 1.0
635 25 1.0
34 380 1.0
480 771 4.0
699 891 4.0
95 862 1.0
790 616 1.0
314 17 1.0
74 678 1.0
610 719 2.0
138 214 1.0
300 55 1.0
681 616 3.0
733 309 5.0
841 247 1.0
44 394 2.0
497 323 1.0
646 671 2.0
882 387 1.0
862 853 1.0
90 771 1.0
209 756 8.0
54 25 1.0
199 583 2.0
809 554 5.0
133 466 1.0
697 307 1.0
787 678 1.0
858 861 2.0
169 112 4.0
358 470 1.0
150 179 1.0
174 519 1.0
88 20 1.0
445 554 13.0
881 537 2.0
95 307 3.0
691 307 1.0
853 797 1.0
653 755 1.0
35 895 1.0
629 27 1.0
363 554 4.0
208 719 1.0
616 554 6.0
326 789 1.0
660 85 1.0
218 719 1.0
653 204 1.0
5 307 2.0
497 534 1.0
3 771 1.0
765 307 3.0
410 272 1.0
394 554 1.0
803 554 2.0
628 394 1.0
64 349 1.0
775 593 1.0
434 307 1.0
533 310 2.0
583 671 1.0
744 14 1.0
864 554 1.0
462 307 2.0
210 267 1.0
864 678 3.0
463 307 1.0
533 103 2.0
763 804 1.0
244 214 3.0
739 692 1.0
233 318 1.0
645 583 1.0
658 598 1.0
458 554 1.0
607 601 2.0
300 844 1.0
247 160 1.0
656 99 1.0
469 141 1.0
677 769 1.0
41 810 1.0
282 678 1.0
398 166 1.0
818 355 1.0
28 554 4.0
407 797 1.0
497 628 1.0
78 719 2.0
707 549 1.0
260 32 1.0
826 309 1.0
428 17 4.0
776 871 1.0
677 805 1.0
882 589 1.0
407 326 2.0
168 355 1.0
99 705 1.0
39 98 1.0
795 65 1.0
460 554 1.0
323 394 1.0
339 222 4.0
527 355 2.0
74 773 1.0
461 17 1.0
668 75 1.0
351 309 1.0
876 464 1.0
862 554 1.0
635 713 1.0
391 549 1.0
662 758 1.0
531 866 1.0
55 221 1.0
642 683 4.0
506 842 1.0
498 60 7.0
470 303 1.0
51 309 2.0
595 210 1.0
543 719 1.0
532 797 1.0
460 680 1.0
679 797 1.0
802 723 1.0
169 268 1.0
357 678 2.0
737 829 3.0
509 554 1.0
199 418 2.0
203 119 1.0
166 659 2.0
300 221 1.0
849 449 1.0
876 438 1.0
857 309 1.0
653 554 1.0
350 17 2.0
137 275 1.0
714 554 7.0
643 556 1.0
790 554 1.0
823 228 1.0
610 307 2.0
3 678 1.0
32 855 1.0
849 559 1.0
681 307 1.0
369 678 1.0
741 678 1.0
261 713 2.0
277 476 2.0
138 790 1.0
876 401 1.0
353 307 1.0
607 705 1.0
115 119 1.0
808 210 2.0
526 719 1.0
677 803 1.0
725 677 1.0
50 719 1.0
433 554 1.0
468 554 2.0
768 309 1.0
849 17 1.0
849 391 1.0
882 410 1.0
475 309 1.0
677 410 1.0
209 307 1.0
355 432 2.0
225 645 1.0
700 267 1.0
651 554 1.0
635 719 2.0
662 719 1.0
738 136 1.0
500 771 1.0
532 729 1.0
572 296 1.0
48 554 1.0
497 702 1.0
675 554 1.0
300 325 1.0
572 592 1.0
310 678 2.0
850 554 1.0
677 129 2.0
869 467 1.0
796 592 1.0
831 719 2.0
169 328 1.0
898 605 1.0
716 678 3.0
260 678 1.0
286 678 1.0
156 554 1.0
324 554 1.0
392 554 1.0
544 771 3.0
127 82 1.0
882 769 1.0
45 307 1.0
691 1 1.0
463 466 1.0
526 678 5.0
829 307 1.0
87 17 1.0
65 365 2.0
264 308 2.0
32 89 1.0
575 706 1.0
882 93 1.0
486 474 1.0
304 797 1.0
423 20 1.0
429 554 1.0
207 501 1.0
550 482 1.0
677 164 1.0
506 68 1.0
112 147 5.0
376 10 1.0
849 594 1.0
815 549 1.0
445 307 1.0
11 719 1.0
846 394 1.0
14 309 1.0
29 852 2.0
460 373 1.0
353 843 1.0
73 307 1.0
691 498 1.0
771 17 3.0
101 309 1.0
653 790 1.0
457 783 1.0
195 593 1.0
580 554 1.0
752 719 3.0
406 593 1.0
326 94 1.0
716 713 1.0
452 355 1.0
213 17 1.0
488 287 9.0
810 17 1.0
210 498 1.0
326 769 1.0
326 753 1.0
300 216 1.0
737 706 1.0
119 503 1.0
257 554 2.0
87 28 2.0
471 376 1.0
887 583 1.0
653 168 1.0
216 228 1.0
849 187 1.0
154 119 1.0
882 879 1.0
275 309 1.0
829 175 1.0
882 759 1.0
326 387 1.0
849 719 1.0
677 882 1.0
203 678 1.0
604 797 1.0
672 713 1.0
187 705 1.0
767 287 1.0
827 539 1.0
506 486 1.0
674 554 2.0
326 93 1.0
66 249 1.0
420 147 2.0
55 216 1.0
529 501 1.0
366 719 1.0
77 678 1.0
697 119 1.0
900 719 1.0
677 759 1.0
582 797 1.0
